-4.000000 -4.000000 0.028773
-4.000000 -3.500000 -8.870728
-4.000000 -3.000000 -0.086722
-4.000000 -2.500000 -9.684299
-4.000000 -2.000000 0.260115
-4.000000 -1.500000 -10.322306
-4.000000 -1.000000 0.523295
-4.000000 -0.500000 -11.215890
-4.000000 0.000000 0.478872
-4.000000 0.500000 12.648198
-4.000000 1.000000 0.338434
-4.000000 1.500000 13.582357
-4.000000 2.000000 0.380802
-4.000000 2.500000 14.689518
-4.000000 3.000000 0.414971
-4.000000 3.500000 15.420802
-4.000000 4.000000 -0.456304
-3.500000 -4.000000 -5.811550
-3.500000 -3.500000 -10.914665
-3.500000 -3.000000 -3.367159
-3.500000 -2.500000 -9.219329
-3.500000 -2.000000 -0.534405
-3.500000 -1.500000 -7.371615
-3.500000 -1.000000 2.228803
-3.500000 -0.500000 -5.745674
-3.500000 0.000000 4.720524
-3.500000 0.500000 15.663360
-3.500000 1.000000 7.125303
-3.500000 1.500000 19.138114
-3.500000 2.000000 9.705853
-3.500000 2.500000 22.792096
-3.500000 3.000000 12.314929
-3.500000 3.500000 26.151633
-3.500000 4.000000 14.152275
-3.000000 -4.000000 -0.068386
-3.000000 -3.500000 -6.396127
-3.000000 -3.000000 -0.105766
-3.000000 -2.500000 -7.232788
-3.000000 -2.000000 0.172774
-3.000000 -1.500000 -7.938735
-3.000000 -1.000000 0.397288
-3.000000 -0.500000 -8.831498
-3.000000 0.000000 0.387164
-3.000000 0.500000 10.084385
-3.000000 1.000000 0.298511
-3.000000 1.500000 11.059990
-3.000000 2.000000 0.375782
-3.000000 2.500000 12.216966
-3.000000 3.000000 0.512993
-3.000000 3.500000 13.154650
-3.000000 4.000000 0.005428
-2.500000 -4.000000 -6.766413
-2.500000 -3.500000 -9.328973
-2.500000 -3.000000 -4.305582
-2.500000 -2.500000 -7.716926
-2.500000 -2.000000 -1.599851
-2.500000 -1.500000 -5.994483
-2.500000 -1.000000 1.068549
-2.500000 -0.500000 -4.423040
-2.500000 0.000000 3.539523
-2.500000 0.500000 11.982252
-2.500000 1.000000 5.939067
-2.500000 1.500000 15.438738
-2.500000 2.000000 8.490704
-2.500000 2.500000 19.073127
-2.500000 3.000000 11.126481
-2.500000 3.500000 22.554871
-2.500000 4.000000 13.235228
-2.000000 -4.000000 0.056656
-2.000000 -3.500000 -3.741993
-2.000000 -3.000000 0.013606
-2.000000 -2.500000 -4.682440
-2.000000 -2.000000 0.146186
-2.000000 -1.500000 -5.531157
-2.000000 -1.000000 0.259571
-2.000000 -0.500000 -6.493997
-2.000000 0.000000 0.213213
-2.000000 0.500000 7.401848
-2.000000 1.000000 0.101055
-2.000000 1.500000 8.337503
-2.000000 2.000000 0.122635
-2.000000 2.500000 9.441198
-2.000000 3.000000 0.244258
-2.000000 3.500000 10.448983
-2.000000 4.000000 -0.054289
-1.500000 -4.000000 -7.638359
-1.500000 -3.500000 -7.668925
-1.500000 -3.000000 -5.176327
-1.500000 -2.500000 -6.151645
-1.500000 -2.000000 -2.605402
-1.500000 -1.500000 -4.558810
-1.500000 -1.000000 -0.033264
-1.500000 -0.500000 -3.041391
-1.500000 0.000000 2.417953
-1.500000 0.500000 8.359737
-1.500000 1.000000 4.807964
-1.500000 1.500000 11.786766
-1.500000 2.000000 7.309077
-1.500000 2.500000 15.365687
-1.500000 3.000000 9.917758
-1.500000 3.500000 18.895179
-1.500000 4.000000 12.201600
-1.000000 -4.000000 0.120290
-1.000000 -3.500000 -1.136801
-1.000000 -3.000000 0.099014
-1.000000 -2.500000 -2.148441
-1.000000 -2.000000 0.123499
-1.000000 -1.500000 -3.096994
-1.000000 -1.000000 0.173128
-1.000000 -0.500000 -4.079217
-1.000000 0.000000 0.142907
-1.000000 0.500000 4.848462
-1.000000 1.000000 0.055932
-1.000000 1.500000 5.786488
-1.000000 2.000000 0.054052
-1.000000 2.500000 6.854889
-1.000000 3.000000 0.159721
-1.000000 3.500000 7.910748
-1.000000 4.000000 0.024737
-0.500000 -4.000000 -8.674939
-0.500000 -3.500000 -6.155804
-0.500000 -3.000000 -6.173012
-0.500000 -2.500000 -4.687671
-0.500000 -2.000000 -3.683841
-0.500000 -1.500000 -3.163988
-0.500000 -1.000000 -1.140754
-0.500000 -0.500000 -1.627903
-0.500000 0.000000 1.366989
-0.500000 0.500000 4.846527
-0.500000 1.000000 3.823316
-0.500000 1.500000 8.315184
-0.500000 2.000000 6.336578
-0.500000 2.500000 11.888687
-0.500000 3.000000 8.951228
-0.500000 3.500000 15.478241
-0.500000 4.000000 11.399329
0.000000 -4.000000 -0.006710
0.000000 -3.500000 1.286380
0.000000 -3.000000 0.014927
0.000000 -2.500000 0.233148
0.000000 -2.000000 -0.029601
0.000000 -1.500000 -0.766415
0.000000 -1.000000 0.014243
0.000000 -0.500000 -1.702327
0.000000 0.000000 0.071451
0.000000 0.500000 2.331466
0.000000 1.000000 0.084130
0.000000 1.500000 3.343613
0.000000 2.000000 0.124486
0.000000 2.500000 4.432347
0.000000 3.000000 0.255332
0.000000 3.500000 5.558812
0.000000 4.000000 0.284871
0.500000 -4.000000 9.163841
0.500000 -3.500000 9.223486
0.500000 -3.000000 6.691256
0.500000 -2.500000 5.637001
0.500000 -2.000000 4.103692
0.500000 -1.500000 2.107642
0.500000 -1.000000 1.644438
0.500000 -0.500000 -1.301832
0.500000 0.000000 -0.748796
0.500000 0.500000 0.292382
0.500000 1.000000 -3.178318
0.500000 1.500000 -1.150586
0.500000 2.000000 -5.610052
0.500000 2.500000 -2.547205
0.500000 3.000000 -7.966062
0.500000 3.500000 -3.890465
0.500000 4.000000 -10.366251
1.000000 -4.000000 -0.114217
1.000000 -3.500000 3.701926
1.000000 -3.000000 -0.100748
1.000000 -2.500000 2.563559
1.000000 -2.000000 -0.248351
1.000000 -1.500000 1.489298
1.000000 -1.000000 -0.223992
1.000000 -0.500000 0.594365
1.000000 0.000000 -0.078821
1.000000 0.500000 -0.262017
1.000000 1.000000 0.038261
1.000000 1.500000 0.828413
1.000000 2.000000 0.122351
1.000000 2.500000 1.932999
1.000000 3.000000 0.263569
1.000000 3.500000 3.100434
1.000000 4.000000 0.409404
1.500000 -4.000000 10.200294
1.500000 -3.500000 12.764907
1.500000 -3.000000 7.683372
1.500000 -2.500000 9.057684
1.500000 -2.000000 4.958652
1.500000 -1.500000 5.421542
1.500000 -1.000000 2.449603
1.500000 -0.500000 2.023593
1.500000 0.000000 0.114463
1.500000 0.500000 -1.303562
1.500000 1.000000 -2.243194
1.500000 1.500000 -2.701726
1.500000 2.000000 -4.665936
1.500000 2.500000 -4.120110
1.500000 3.000000 -7.054551
1.500000 3.500000 -5.473332
1.500000 4.000000 -9.399461
2.000000 -4.000000 0.119132
2.000000 -3.500000 6.432034
2.000000 -3.000000 0.070079
2.000000 -2.500000 5.151523
2.000000 -2.000000 -0.238769
2.000000 -1.500000 3.943863
2.000000 -1.000000 -0.293881
2.000000 -0.500000 3.026542
2.000000 0.000000 -0.129889
2.000000 0.500000 -2.795676
2.000000 1.000000 0.011365
2.000000 1.500000 -1.709075
2.000000 2.000000 0.055229
2.000000 2.500000 -0.678193
2.000000 3.000000 0.105750
2.000000 3.500000 0.411652
2.000000 4.000000 0.227109
2.500000 -4.000000 11.605148
2.500000 -3.500000 16.679348
2.500000 -3.000000 9.047521
2.500000 -2.500000 12.843960
2.500000 -2.000000 6.167341
2.500000 -1.500000 9.071311
2.500000 -1.000000 3.565413
2.500000 -0.500000 5.625451
2.500000 0.000000 1.210773
2.500000 0.500000 -2.715946
2.500000 1.000000 -1.174910
2.500000 1.500000 -4.167941
2.500000 2.000000 -3.684411
2.500000 2.500000 -5.706771
2.500000 3.000000 -6.216386
2.500000 3.500000 -7.201398
2.500000 4.000000 -8.664471
3.000000 -4.000000 0.561527
3.000000 -3.500000 9.426347
3.000000 -3.000000 0.550479
3.000000 -2.500000 8.083568
3.000000 -2.000000 0.137323
3.000000 -1.500000 6.773326
3.000000 -1.000000 0.002701
3.000000 -0.500000 5.797758
3.000000 0.000000 0.113582
3.000000 0.500000 -5.087347
3.000000 1.000000 0.178227
3.000000 1.500000 -4.090133
3.000000 2.000000 0.115233
3.000000 2.500000 -3.191548
3.000000 3.000000 0.008385
3.000000 3.500000 -2.268237
3.000000 4.000000 -0.015817
3.500000 -4.000000 12.835054
3.500000 -3.500000 20.535853
3.500000 -3.000000 10.456853
3.500000 -2.500000 16.761698
3.500000 -2.000000 7.573435
3.500000 -1.500000 12.959384
3.500000 -1.000000 4.929840
3.500000 -0.500000 9.452619
3.500000 0.000000 2.482081
3.500000 0.500000 -4.009777
3.500000 1.000000 -0.025029
3.500000 1.500000 -5.557884
3.500000 2.000000 -2.606697
3.500000 2.500000 -7.167118
3.500000 3.000000 -5.225796
3.500000 3.500000 -8.765131
3.500000 4.000000 -7.773768
4.000000 -4.000000 0.234295
4.000000 -3.500000 11.828719
4.000000 -3.000000 0.598817
4.000000 -2.500000 10.719930
4.000000 -2.000000 0.323396
4.000000 -1.500000 9.478324
4.000000 -1.000000 0.190167
4.000000 -0.500000 8.421361
4.000000 0.000000 0.133209
4.000000 0.500000 -7.674801
4.000000 1.000000 0.028640
4.000000 1.500000 -6.737939
4.000000 2.000000 0.014778
4.000000 2.500000 -5.729276
4.000000 3.000000 0.028779
4.000000 3.500000 -4.698630
4.000000 4.000000 0.101793
