1 888.241154
2 1781.868374
3 870.833822
4 1871.996792
5 11402.212803
6 109488.513153
7 1037524.599605
8 9100899.648283
9 78861448.038144
10 686302233.911857
11 5976765538.217928
12 52112981107.116943
13 454874861489.437134
14 3974536652084.963867
15 24132198161394.472656
16 5725364151525.770508
17 183600403852.274750
18 39095344370.870522
19 11784267136.640621
20 3869116408.937400
21 1422467330.062699
22 623535890.721980
23 333283063.425725
24 207503644.333710
25 140662619.237165
26 99045107.288349
27 70758186.535041
28 50782174.169242
29 36477736.948081
30 26194464.253954
31 18799511.462028
32 13485397.217592
33 9669812.143085
34 6932091.358118
35 4968740.257160
36 3561204.386683
37 2552350.949650
38 1829343.875747
39 1311224.760000
40 939939.739823
41 673874.462831
42 483205.432325
43 346561.966136
44 248631.424524
45 178442.158979
46 128132.839697
47 92070.585650
48 66219.119198
49 47686.088684
50 34398.761209
51 24871.681409
52 18040.213057
53 13141.277551
54 9627.903579
55 7107.999346
56 5300.478664
57 4003.820502
58 3073.537162
59 2406.025837
60 1926.994403
61 1583.165193
62 1336.328022
63 1159.076916
64 1031.753672
65 940.256461
66 874.468544
67 827.131542
68 793.037427
69 768.449040
70 750.684463
71 737.818897
72 728.470809
73 721.648513
74 716.640100
75 712.934462
76 710.164623
77 708.067068
78 706.452560
79 705.185189
80 704.167335
81 703.328876
82 702.619437
83 702.002822
84 701.453026
85 700.951360
86 700.484394
87 700.042474
88 699.618660
89 699.207965
90 698.806800
91 698.412589
92 698.023475
93 697.638124
94 697.255578
95 696.875147
96 696.496332
97 696.118777
98 695.742225
99 695.366491
100 694.991440
101 694.616978
102 694.243034
103 693.869559
104 693.496516
105 693.123880
106 692.751632
107 692.379759
108 692.008249
109 691.637097
110 691.266296
111 690.895843
112 690.525735
113 690.155970
114 689.786546
115 689.417462
116 689.048716
117 688.680309
118 688.312239
119 687.944506
120 687.577110
121 687.210049
122 686.843323
123 686.476933
124 686.110877
125 685.745156
126 685.379769
127 685.014716
128 684.649996
129 684.285609
130 683.921555
131 683.557834
132 683.194444
133 682.831387
134 682.468661
135 682.106267
136 681.744203
137 681.382470
138 681.021068
139 680.659995
140 680.299252
141 679.938839
142 679.578755
143 679.219000
144 678.859573
145 678.500475
146 678.141704
147 677.783262
148 677.425146
149 677.067358
150 676.709896
151 676.352761
152 675.995952
153 675.639469
154 675.283312
155 674.927479
156 674.571972
157 674.216789
158 673.861931
159 673.507397
160 673.153187
161 672.799300
162 672.445736
163 672.092496
164 671.739577
165 671.386982
166 671.034708
167 670.682756
168 670.331125
169 669.979816
170 669.628827
171 669.278159
172 668.927811
173 668.577783
174 668.228075
175 667.878686
176 667.529617
177 667.180866
178 666.832433
179 666.484319
180 666.136523
181 665.789044
182 665.441883
183 665.095039
184 664.748512
185 664.402301
186 664.056406
187 663.710827
188 663.365564
189 663.020616
190 662.675983
191 662.331665
192 661.987661
193 661.643972
194 661.300596
195 660.957534
196 660.614785
197 660.272350
198 659.930227
199 659.588416
200 659.246918
201 658.905732
202 658.564857
203 658.224293
204 657.884041
205 657.544099
206 657.204468
207 656.865147
208 656.526136
209 656.187434
210 655.849042
211 655.510959
212 655.173184
213 654.835718
214 654.498561
215 654.161711
216 653.825169
217 653.488934
218 653.153006
219 652.817385
220 652.482071
221 652.147063
222 651.812361
223 651.477964
224 651.143873
225 650.810087
226 650.476606
227 650.143429
228 649.810557
229 649.477989
230 649.145724
231 648.813763
232 648.482105
233 648.150750
234 647.819698
235 647.488948
236 647.158500
237 646.828354
238 646.498509
239 646.168965
240 645.839723
241 645.510781
242 645.182140
243 644.853799
244 644.525757
245 644.198016
246 643.870573
247 643.543430
248 643.216585
249 642.890039
250 642.563791
251 642.237841
252 641.912189
253 641.586834
254 641.261777
255 640.937016
256 640.612552
257 640.288384
258 639.964512
259 639.640936
260 639.317655
261 638.994670
262 638.671980
263 638.349584
264 638.027483
265 637.705676
266 637.384163
267 637.062944
268 636.742018
269 636.421385
270 636.101045
271 635.780997
272 635.461242
273 635.141779
274 634.822607
275 634.503727
276 634.185139
277 633.866841
278 633.548834
279 633.231117
280 632.913691
281 632.596554
282 632.279707
283 631.963150
284 631.646881
285 631.330901
286 631.015210
287 630.699808
288 630.384693
289 630.069866
290 629.755327
291 629.441075
292 629.127110
293 628.813431
294 628.500039
295 628.186934
296 627.874114
297 627.561580
298 627.249332
299 626.937368
300 626.625690
301 626.314296
302 626.003186
303 625.692361
304 625.381820
305 625.071562
306 624.761587
307 624.451896
308 624.142488
309 623.833362
310 623.524518
311 623.215956
312 622.907677
313 622.599678
314 622.291962
315 621.984526
316 621.677371
317 621.370496
318 621.063902
319 620.757587
320 620.451553
321 620.145798
322 619.840322
323 619.535125
324 619.230207
325 618.925567
326 618.621206
327 618.317123
328 618.013317
329 617.709789
330 617.406538
331 617.103563
332 616.800866
333 616.498445
334 616.196300
335 615.894432
336 615.592839
337 615.291521
338 614.990478
339 614.689711
340 614.389218
341 614.089000
342 613.789055
343 613.489385
344 613.189989
345 612.890865
346 612.592015
347 612.293438
348 611.995134
349 611.697102
350 611.399342
351 611.101855
352 610.804639
353 610.507694
354 610.211020
355 609.914618
356 609.618486
357 609.322625
358 609.027034
359 608.731713
360 608.436661
361 608.141879
362 607.847366
363 607.553122
364 607.259147
365 606.965441
366 606.672002
367 606.378832
368 606.085929
369 605.793294
370 605.500927
371 605.208826
372 604.916992
373 604.625424
374 604.334123
375 604.043088
376 603.752318
377 603.461814
378 603.171576
379 602.881602
380 602.591894
381 602.302450
382 602.013270
383 601.724354
384 601.435703
385 601.147315
386 600.859190
387 600.571328
388 600.283730
389 599.996394
390 599.709320
391 599.422509
392 599.135959
393 598.849671
394 598.563645
395 598.277880
396 597.992376
397 597.707132
398 597.422150
399 597.137427
400 596.852964
401 596.568762
402 596.284819
403 596.001135
404 595.717710
405 595.434544
406 595.151637
407 594.868988
408 594.586597
409 594.304464
410 594.022589
411 593.740971
412 593.459610
413 593.178507
414 592.897660
415 592.617069
416 592.336735
417 592.056657
418 591.776835
419 591.497268
420 591.217957
421 590.938900
422 590.660099
423 590.381552
424 590.103259
425 589.825221
426 589.547437
427 589.269906
428 588.992629
429 588.715605
430 588.438834
431 588.162315
432 587.886050
433 587.610036
434 587.334275
435 587.058766
436 586.783508
437 586.508501
438 586.233746
439 585.959242
440 585.684988
441 585.410985
442 585.137232
443 584.863729
444 584.590476
445 584.317472
446 584.044718
447 583.772213
448 583.499957
449 583.227949
450 582.956190
451 582.684679
452 582.413416
453 582.142401
454 581.871633
455 581.601113
456 581.330839
457 581.060813
458 580.791033
459 580.521499
460 580.252212
461 579.983170
462 579.714374
463 579.445824
464 579.177519
465 578.909459
466 578.641644
467 578.374073
468 578.106747
469 577.839665
470 577.572827
471 577.306233
472 577.039882
473 576.773774
474 576.507909
475 576.242287
476 575.976908
477 575.711771
478 575.446877
479 575.182224
480 574.917813
481 574.653643
482 574.389715
483 574.126027
484 573.862581
485 573.599375
486 573.336409
487 573.073684
488 572.811199
489 572.548953
490 572.286947
491 572.025180
492 571.763652
493 571.502363
494 571.241313
495 570.980501
496 570.719927
497 570.459591
498 570.199493
499 569.939633
500 569.680010
501 569.420624
502 569.161475
503 568.902562
504 568.643886
505 568.385446
506 568.127243
507 567.869275
508 567.611543
509 567.354046
510 567.096784
511 566.839757
512 566.582965
513 566.326408
514 566.070084
515 565.813995
516 565.558140
517 565.302518
518 565.047130
519 564.791975
520 564.537054
521 564.282365
522 564.027908
523 563.773684
524 563.519692
525 563.265933
526 563.012404
527 562.759108
528 562.506043
529 562.253209
530 562.000605
531 561.748233
532 561.496091
533 561.244179
534 560.992497
535 560.741046
536 560.489823
537 560.238831
538 559.988067
539 559.737533
540 559.487227
541 559.237150
542 558.987301
543 558.737681
544 558.488288
545 558.239124
546 557.990186
547 557.741477
548 557.492994
549 557.244738
550 556.996709
551 556.748907
552 556.501330
553 556.253980
554 556.006856
555 555.759958
556 555.513285
557 555.266837
558 555.020614
559 554.774617
560 554.528843
561 554.283295
562 554.037970
563 553.792870
564 553.547994
565 553.303341
566 553.058911
567 552.814705
568 552.570722
569 552.326962
570 552.083424
571 551.840109
572 551.597016
573 551.354145
574 551.111496
575 550.869068
576 550.626862
577 550.384877
578 550.143113
579 549.901570
580 549.660247
581 549.419145
582 549.178263
583 548.937601
584 548.697159
585 548.456936
586 548.216933
587 547.977149
588 547.737584
589 547.498237
590 547.259110
591 547.020200
592 546.781509
593 546.543036
594 546.304781
595 546.066743
596 545.828923
597 545.591320
598 545.353934
599 545.116765
600 544.879812
601 544.643076
602 544.406556
603 544.170251
604 543.934163
605 543.698291
606 543.462633
607 543.227191
608 542.991964
609 542.756952
610 542.522155
611 542.287572
612 542.053203
613 541.819048
614 541.585107
615 541.351380
616 541.117866
617 540.884566
618 540.651478
619 540.418603
620 540.185942
621 539.953492
622 539.721255
623 539.489230
624 539.257417
625 539.025815
626 538.794426
627 538.563247
628 538.332279
629 538.101523
630 537.870977
631 537.640642
632 537.410517
633 537.180603
634 536.950898
635 536.721403
636 536.492118
637 536.263042
638 536.034175
639 535.805517
640 535.577069
641 535.348828
642 535.120797
643 534.892973
644 534.665358
645 534.437950
646 534.210750
647 533.983758
648 533.756973
649 533.530395
650 533.304024
651 533.077860
652 532.851902
653 532.626151
654 532.400605
655 532.175266
656 531.950133
657 531.725205
658 531.500483
659 531.275966
660 531.051654
661 530.827546
662 530.603644
663 530.379946
664 530.156452
665 529.933163
666 529.710077
667 529.487195
668 529.264517
669 529.042042
670 528.819770
671 528.597701
672 528.375835
673 528.154171
674 527.932710
675 527.711452
676 527.490395
677 527.269540
678 527.048887
679 526.828436
680 526.608186
681 526.388137
682 526.168289
683 525.948641
684 525.729195
685 525.509948
686 525.290902
687 525.072056
688 524.853410
689 524.634964
690 524.416717
691 524.198669
692 523.980821
693 523.763171
694 523.545721
695 523.328469
696 523.111415
697 522.894560
698 522.677902
699 522.461443
700 522.245181
701 522.029116
702 521.813249
703 521.597579
704 521.382107
705 521.166830
706 520.951751
707 520.736868
708 520.522181
709 520.307690
710 520.093395
711 519.879296
712 519.665393
713 519.451684
714 519.238171
715 519.024853
716 518.811730
717 518.598801
718 518.386067
719 518.173527
720 517.961182
721 517.749030
722 517.537072
723 517.325307
724 517.113736
725 516.902358
726 516.691174
727 516.480182
728 516.269382
729 516.058776
730 515.848361
731 515.638139
732 515.428109
733 515.218270
734 515.008624
735 514.799168
736 514.589904
737 514.380832
738 514.171950
739 513.963258
740 513.754758
741 513.546448
742 513.338328
743 513.130398
744 512.922658
745 512.715108
746 512.507747
747 512.300576
748 512.093594
749 511.886801
750 511.680197
751 511.473781
752 511.267554
753 511.061516
754 510.855665
755 510.650003
756 510.444528
757 510.239241
758 510.034142
759 509.829230
760 509.624505
761 509.419967
762 509.215615
763 509.011451
764 508.807473
765 508.603681
766 508.400075
767 508.196655
768 507.993421
769 507.790373
770 507.587510
771 507.384832
772 507.182340
773 506.980032
774 506.777909
775 506.575971
776 506.374217
777 506.172648
778 505.971262
779 505.770061
780 505.569043
781 505.368208
782 505.167558
783 504.967090
784 504.766806
785 504.566704
786 504.366785
787 504.167049
788 503.967495
789 503.768124
790 503.568934
791 503.369927
792 503.171101
793 502.972457
794 502.773994
795 502.575712
796 502.377612
797 502.179692
798 501.981954
799 501.784395
800 501.587018
801 501.389820
802 501.192803
803 500.995965
804 500.799308
805 500.602830
806 500.406531
807 500.210412
808 500.014471
809 499.818710
810 499.623127
811 499.427724
812 499.232498
813 499.037451
814 498.842582
815 498.647891
816 498.453378
817 498.259042
818 498.064884
819 497.870903
820 497.677100
821 497.483473
822 497.290023
823 497.096750
824 496.903654
825 496.710733
826 496.517989
827 496.325421
828 496.133029
829 495.940813
830 495.748772
831 495.556906
832 495.365216
833 495.173701
834 494.982361
835 494.791195
836 494.600204
837 494.409388
838 494.218745
839 494.028277
840 493.837983
841 493.647863
842 493.457916
843 493.268143
844 493.078543
845 492.889116
846 492.699862
847 492.510781
848 492.321873
849 492.133137
850 491.944574
851 491.756183
852 491.567964
853 491.379916
854 491.192041
855 491.004337
856 490.816805
857 490.629443
858 490.442253
859 490.255234
860 490.068386
861 489.881708
862 489.695201
863 489.508864
864 489.322698
865 489.136701
866 488.950874
867 488.765217
868 488.579730
869 488.394412
870 488.209263
871 488.024283
872 487.839472
873 487.654830
874 487.470357
875 487.286052
876 487.101915
877 486.917947
878 486.734146
879 486.550514
880 486.367049
881 486.183752
882 486.000622
883 485.817659
884 485.634864
885 485.452235
886 485.269773
887 485.087478
888 484.905350
889 484.723387
890 484.541591
891 484.359961
892 484.178497
893 483.997198
894 483.816065
895 483.635098
896 483.454296
897 483.273659
898 483.093186
899 482.912879
900 482.732737
901 482.552758
902 482.372945
903 482.193295
904 482.013810
905 481.834488
906 481.655331
907 481.476336
908 481.297506
909 481.118838
910 480.940334
911 480.761993
912 480.583815
913 480.405799
914 480.227946
915 480.050256
916 479.872728
917 479.695362
918 479.518158
919 479.341115
920 479.164235
921 478.987516
922 478.810958
923 478.634562
924 478.458326
925 478.282252
926 478.106339
927 477.930586
928 477.754993
929 477.579561
930 477.404290
931 477.229178
932 477.054226
933 476.879434
934 476.704802
935 476.530329
936 476.356015
937 476.181861
938 476.007866
939 475.834029
940 475.660352
941 475.486833
942 475.313472
943 475.140270
944 474.967226
945 474.794340
946 474.621612
947 474.449042
948 474.276629
949 474.104374
950 473.932276
951 473.760335
952 473.588552
953 473.416925
954 473.245455
955 473.074141
956 472.902984
957 472.731984
958 472.561139
959 472.390450
960 472.219918
961 472.049541
962 471.879320
963 471.709254
964 471.539343
965 471.369588
966 471.199988
967 471.030543
968 470.861252
969 470.692116
970 470.523134
971 470.354307
972 470.185634
973 470.017115
974 469.848750
975 469.680539
976 469.512481
977 469.344577
978 469.176826
979 469.009228
980 468.841784
981 468.674492
982 468.507353
983 468.340367
984 468.173533
985 468.006852
986 467.840323
987 467.673946
988 467.507721
989 467.341647
990 467.175726
991 467.009956
992 466.844337
993 466.678870
994 466.513553
995 466.348388
996 466.183374
997 466.018510
998 465.853797
999 465.689234
1000 465.524821
1001 465.360559
1002 465.196447
1003 465.032484
1004 464.868672
1005 464.705009
1006 464.541495
1007 464.378131
1008 464.214916
1009 464.051850
1010 463.888933
1011 463.726164
1012 463.563545
1013 463.401074
1014 463.238751
1015 463.076576
1016 462.914550
1017 462.752672
1018 462.590941
1019 462.429358
1020 462.267923
1021 462.106635
1022 461.945495
1023 461.784501
1024 461.623655
1025 461.462956
1026 461.302403
1027 461.141997
1028 460.981737
1029 460.821624
1030 460.661657
1031 460.501836
1032 460.342162
1033 460.182633
1034 460.023249
1035 459.864011
1036 459.704919
1037 459.545972
1038 459.387170
1039 459.228513
1040 459.070001
1041 458.911634
1042 458.753411
1043 458.595333
1044 458.437400
1045 458.279610
1046 458.121965
1047 457.964463
1048 457.807106
1049 457.649892
1050 457.492822
1051 457.335895
1052 457.179112
1053 457.022471
1054 456.865974
1055 456.709620
1056 456.553408
1057 456.397339
1058 456.241413
1059 456.085629
1060 455.929988
1061 455.774488
1062 455.619131
1063 455.463915
1064 455.308841
1065 455.153909
1066 454.999119
1067 454.844469
1068 454.689961
1069 454.535594
1070 454.381368
1071 454.227283
1072 454.073339
1073 453.919535
1074 453.765872
1075 453.612348
1076 453.458966
1077 453.305723
1078 453.152620
1079 452.999657
1080 452.846834
1081 452.694150
1082 452.541606
1083 452.389201
1084 452.236936
1085 452.084809
1086 451.932821
1087 451.780972
1088 451.629262
1089 451.477690
1090 451.326257
1091 451.174962
1092 451.023806
1093 450.872787
1094 450.721906
1095 450.571163
1096 450.420558
1097 450.270090
1098 450.119760
1099 449.969567
1100 449.819511
1101 449.669592
1102 449.519810
1103 449.370165
1104 449.220656
1105 449.071284
1106 448.922049
1107 448.772950
1108 448.623987
1109 448.475160
1110 448.326469
1111 448.177913
1112 448.029494
1113 447.881210
1114 447.733061
1115 447.585048
1116 447.437170
1117 447.289427
1118 447.141818
1119 446.994345
1120 446.847006
1121 446.699802
1122 446.552733
1123 446.405797
1124 446.258996
1125 446.112329
1126 445.965796
1127 445.819397
1128 445.673131
1129 445.526999
1130 445.381001
1131 445.235135
1132 445.089403
1133 444.943805
1134 444.798339
1135 444.653006
1136 444.507805
1137 444.362738
1138 444.217802
1139 444.072999
1140 443.928329
1141 443.783790
1142 443.639384
1143 443.495109
1144 443.350966
1145 443.206955
1146 443.063075
1147 442.919327
1148 442.775710
1149 442.632224
1150 442.488870
1151 442.345646
1152 442.202553
1153 442.059590
1154 441.916759
1155 441.774057
1156 441.631486
1157 441.489045
1158 441.346735
1159 441.204554
1160 441.062503
1161 440.920582
1162 440.778790
1163 440.637128
1164 440.495596
1165 440.354192
1166 440.212918
1167 440.071773
1168 439.930756
1169 439.789869
1170 439.649110
1171 439.508479
1172 439.367978
1173 439.227604
1174 439.087359
1175 438.947241
1176 438.807252
1177 438.667390
1178 438.527657
1179 438.388051
1180 438.248572
1181 438.109221
1182 437.969997
1183 437.830900
1184 437.691930
1185 437.553087
1186 437.414371
1187 437.275782
1188 437.137319
1189 436.998983
1190 436.860773
1191 436.722689
1192 436.584731
1193 436.446900
1194 436.309194
1195 436.171614
1196 436.034159
1197 435.896831
1198 435.759627
1199 435.622549
1200 435.485596
1201 435.348768
1202 435.212065
1203 435.075487
1204 434.939034
1205 434.802705
1206 434.666501
1207 434.530421
1208 434.394466
1209 434.258635
1210 434.122927
1211 433.987344
1212 433.851884
1213 433.716549
1214 433.581336
1215 433.446248
1216 433.311282
1217 433.176440
1218 433.041721
1219 432.907125
1220 432.772653
1221 432.638302
1222 432.504075
1223 432.369970
1224 432.235988
1225 432.102128
1226 431.968390
1227 431.834774
1228 431.701281
1229 431.567909
1230 431.434659
1231 431.301531
1232 431.168524
1233 431.035639
1234 430.902875
1235 430.770233
1236 430.637712
1237 430.505311
1238 430.373032
1239 430.240873
1240 430.108835
1241 429.976918
1242 429.845121
1243 429.713445
1244 429.581889
1245 429.450452
1246 429.319136
1247 429.187940
1248 429.056864
1249 428.925908
1250 428.795071
1251 428.664353
1252 428.533755
1253 428.403276
1254 428.272917
1255 428.142676
1256 428.012554
1257 427.882551
1258 427.752667
1259 427.622902
1260 427.493255
1261 427.363726
1262 427.234316
1263 427.105024
1264 426.975850
1265 426.846794
1266 426.717856
1267 426.589036
1268 426.460333
1269 426.331748
1270 426.203280
1271 426.074930
1272 425.946696
1273 425.818580
1274 425.690581
1275 425.562699
1276 425.434934
1277 425.307285
1278 425.179753
1279 425.052337
1280 424.925038
1281 424.797855
1282 424.670788
1283 424.543837
1284 424.417002
1285 424.290283
1286 424.163680
1287 424.037192
1288 423.910820
1289 423.784564
1290 423.658422
1291 423.532396
1292 423.406485
1293 423.280689
1294 423.155007
1295 423.029441
1296 422.903989
1297 422.778652
1298 422.653429
1299 422.528321
1300 422.403327
1301 422.278447
1302 422.153681
1303 422.029029
1304 421.904491
1305 421.780066
1306 421.655755
1307 421.531558
1308 421.407474
1309 421.283504
1310 421.159647
1311 421.035903
1312 420.912272
1313 420.788753
1314 420.665348
1315 420.542055
1316 420.418875
1317 420.295808
1318 420.172852
1319 420.050009
1320 419.927279
1321 419.804660
1322 419.682154
1323 419.559759
1324 419.437476
1325 419.315304
1326 419.193245
1327 419.071297
1328 418.949460
1329 418.827734
1330 418.706120
1331 418.584616
1332 418.463224
1333 418.341942
1334 418.220772
1335 418.099712
1336 417.978762
1337 417.857923
1338 417.737194
1339 417.616576
1340 417.496068
1341 417.375669
1342 417.255381
1343 417.135203
1344 417.015134
1345 416.895175
1346 416.775326
1347 416.655586
1348 416.535955
1349 416.416434
1350 416.297021
1351 416.177718
1352 416.058524
1353 415.939439
1354 415.820462
1355 415.701594
1356 415.582835
1357 415.464184
1358 415.345641
1359 415.227207
1360 415.108881
1361 414.990663
1362 414.872553
1363 414.754551
1364 414.636656
1365 414.518870
1366 414.401190
1367 414.283619
1368 414.166154
1369 414.048797
1370 413.931547
1371 413.814405
1372 413.697369
1373 413.580440
1374 413.463618
1375 413.346902
1376 413.230294
1377 413.113791
1378 412.997395
1379 412.881106
1380 412.764922
1381 412.648845
1382 412.532873
1383 412.417008
1384 412.301249
1385 412.185595
1386 412.070046
1387 411.954604
1388 411.839266
1389 411.724035
1390 411.608908
1391 411.493886
1392 411.378970
1393 411.264158
1394 411.149452
1395 411.034850
1396 410.920352
1397 410.805960
1398 410.691671
1399 410.577488
1400 410.463408
1401 410.349433
1402 410.235561
1403 410.121794
1404 410.008131
1405 409.894571
1406 409.781115
1407 409.667763
1408 409.554514
1409 409.441369
1410 409.328327
1411 409.215388
1412 409.102553
1413 408.989820
1414 408.877191
1415 408.764664
1416 408.652240
1417 408.539919
1418 408.427700
1419 408.315584
1420 408.203570
1421 408.091658
1422 407.979849
1423 407.868142
1424 407.756537
1425 407.645034
1426 407.533632
1427 407.422333
1428 407.311135
1429 407.200038
1430 407.089043
1431 406.978149
1432 406.867357
1433 406.756666
1434 406.646076
1435 406.535587
1436 406.425199
1437 406.314911
1438 406.204725
1439 406.094639
1440 405.984653
1441 405.874768
1442 405.764984
1443 405.655299
1444 405.545715
1445 405.436231
1446 405.326847
1447 405.217563
1448 405.108378
1449 404.999294
1450 404.890309
1451 404.781423
1452 404.672637
1453 404.563950
1454 404.455363
1455 404.346874
1456 404.238485
1457 404.130195
1458 404.022004
1459 403.913911
1460 403.805917
1461 403.698022
1462 403.590226
1463 403.482527
1464 403.374928
1465 403.267426
1466 403.160023
1467 403.052717
1468 402.945510
1469 402.838401
1470 402.731389
1471 402.624475
1472 402.517659
1473 402.410940
1474 402.304319
1475 402.197796
1476 402.091369
1477 401.985040
1478 401.878808
1479 401.772672
1480 401.666634
1481 401.560693
1482 401.454848
1483 401.349100
1484 401.243449
1485 401.137894
1486 401.032435
1487 400.927073
1488 400.821807
1489 400.716637
1490 400.611564
1491 400.506586
1492 400.401704
1493 400.296918
1494 400.192227
1495 400.087632
1496 399.983133
1497 399.878729
1498 399.774421
1499 399.670208
1500 399.566089
1501 399.462066
1502 399.358138
1503 399.254305
1504 399.150567
1505 399.046924
1506 398.943375
1507 398.839921
1508 398.736561
1509 398.633295
1510 398.530124
1511 398.427047
1512 398.324065
1513 398.221176
1514 398.118381
1515 398.015681
1516 397.913074
1517 397.810560
1518 397.708141
1519 397.605814
1520 397.503582
1521 397.401442
1522 397.299396
1523 397.197443
1524 397.095584
1525 396.993817
1526 396.892143
1527 396.790562
1528 396.689074
1529 396.587679
1530 396.486376
1531 396.385166
1532 396.284048
1533 396.183022
1534 396.082089
1535 395.981248
1536 395.880499
1537 395.779842
1538 395.679277
1539 395.578804
1540 395.478422
1541 395.378132
1542 395.277934
1543 395.177827
1544 395.077812
1545 394.977888
1546 394.878056
1547 394.778314
1548 394.678664
1549 394.579105
1550 394.479636
1551 394.380259
1552 394.280972
1553 394.181776
1554 394.082670
1555 393.983655
1556 393.884730
1557 393.785896
1558 393.687152
1559 393.588498
1560 393.489934
1561 393.391461
1562 393.293077
1563 393.194783
1564 393.096579
1565 392.998464
1566 392.900440
1567 392.802504
1568 392.704658
1569 392.606902
1570 392.509235
1571 392.411657
1572 392.314168
1573 392.216768
1574 392.119457
1575 392.022235
1576 391.925101
1577 391.828057
1578 391.731101
1579 391.634234
1580 391.537455
1581 391.440764
1582 391.344162
1583 391.247648
1584 391.151222
1585 391.054884
1586 390.958634
1587 390.862473
1588 390.766398
1589 390.670412
1590 390.574513
1591 390.478702
1592 390.382979
1593 390.287343
1594 390.191794
1595 390.096332
1596 390.000958
1597 389.905671
1598 389.810470
1599 389.715357
1600 389.620331
1601 389.525391
1602 389.430538
1603 389.335772
1604 389.241092
1605 389.146499
1606 389.051992
1607 388.957571
1608 388.863237
1609 388.768989
1610 388.674826
1611 388.580750
1612 388.486760
1613 388.392856
1614 388.299037
1615 388.205304
1616 388.111657
1617 388.018095
1618 387.924619
1619 387.831228
1620 387.737922
1621 387.644702
1622 387.551566
1623 387.458516
1624 387.365551
1625 387.272670
1626 387.179875
1627 387.087164
1628 386.994538
1629 386.901996
1630 386.809539
1631 386.717167
1632 386.624879
1633 386.532675
1634 386.440555
1635 386.348519
1636 386.256568
1637 386.164700
1638 386.072917
1639 385.981217
1640 385.889601
1641 385.798068
1642 385.706619
1643 385.615254
1644 385.523972
1645 385.432774
1646 385.341659
1647 385.250627
1648 385.159678
1649 385.068812
1650 384.978029
1651 384.887329
1652 384.796712
1653 384.706178
1654 384.615726
1655 384.525357
1656 384.435071
1657 384.344867
1658 384.254745
1659 384.164706
1660 384.074749
1661 383.984874
1662 383.895081
1663 383.805370
1664 383.715741
1665 383.626194
1666 383.536729
1667 383.447345
1668 383.358043
1669 383.268823
1670 383.179684
1671 383.090627
1672 383.001651
1673 382.912756
1674 382.823942
1675 382.735209
1676 382.646558
1677 382.557987
1678 382.469498
1679 382.381089
1680 382.292761
1681 382.204513
1682 382.116346
1683 382.028260
1684 381.940254
1685 381.852328
1686 381.764483
1687 381.676718
1688 381.589033
1689 381.501429
1690 381.413904
1691 381.326459
1692 381.239094
1693 381.151809
1694 381.064603
1695 380.977478
1696 380.890431
1697 380.803465
1698 380.716577
1699 380.629769
1700 380.543041
1701 380.456391
1702 380.369821
1703 380.283330
1704 380.196917
1705 380.110584
1706 380.024330
1707 379.938154
1708 379.852057
1709 379.766038
1710 379.680099
1711 379.594237
1712 379.508454
1713 379.422750
1714 379.337123
1715 379.251575
1716 379.166105
1717 379.080713
1718 378.995399
1719 378.910163
1720 378.825005
1721 378.739925
1722 378.654922
1723 378.569997
1724 378.485150
1725 378.400380
1726 378.315687
1727 378.231072
1728 378.146534
1729 378.062073
1730 377.977689
1731 377.893383
1732 377.809153
1733 377.725001
1734 377.640925
1735 377.556926
1736 377.473004
1737 377.389158
1738 377.305389
1739 377.221696
1740 377.138080
1741 377.054540
1742 376.971077
1743 376.887690
1744 376.804379
1745 376.721144
1746 376.637985
1747 376.554902
1748 376.471894
1749 376.388963
1750 376.306108
1751 376.223328
1752 376.140623
1753 376.057995
1754 375.975441
1755 375.892963
1756 375.810561
1757 375.728233
1758 375.645981
1759 375.563804
1760 375.481702
1761 375.399675
1762 375.317723
1763 375.235846
1764 375.154043
1765 375.072316
1766 374.990662
1767 374.909084
1768 374.827580
1769 374.746150
1770 374.664795
1771 374.583514
1772 374.502307
1773 374.421175
1774 374.340116
1775 374.259132
1776 374.178222
1777 374.097385
1778 374.016622
1779 373.935933
1780 373.855318
1781 373.774776
1782 373.694308
1783 373.613914
1784 373.533593
1785 373.453345
1786 373.373170
1787 373.293069
1788 373.213041
1789 373.133086
1790 373.053204
1791 372.973395
1792 372.893658
1793 372.813995
1794 372.734404
1795 372.654886
1796 372.575441
1797 372.496068
1798 372.416768
1799 372.337540
1800 372.258385
1801 372.179302
1802 372.100291
1803 372.021352
1804 371.942485
1805 371.863690
1806 371.784968
1807 371.706317
1808 371.627738
1809 371.549231
1810 371.470795
1811 371.392431
1812 371.314139
1813 371.235918
1814 371.157769
1815 371.079691
1816 371.001684
1817 370.923749
1818 370.845884
1819 370.768091
1820 370.690369
1821 370.612718
1822 370.535138
1823 370.457628
1824 370.380190
1825 370.302822
1826 370.225525
1827 370.148298
1828 370.071142
1829 369.994056
1830 369.917041
1831 369.840096
1832 369.763222
1833 369.686417
1834 369.609683
1835 369.533019
1836 369.456425
1837 369.379901
1838 369.303446
1839 369.227062
1840 369.150747
1841 369.074502
1842 368.998327
1843 368.922221
1844 368.846185
1845 368.770218
1846 368.694320
1847 368.618492
1848 368.542733
1849 368.467043
1850 368.391423
1851 368.315871
1852 368.240389
1853 368.164975
1854 368.089630
1855 368.014355
1856 367.939147
1857 367.864009
1858 367.788939
1859 367.713938
1860 367.639005
1861 367.564141
1862 367.489345
1863 367.414617
1864 367.339957
1865 367.265366
1866 367.190843
1867 367.116388
1868 367.042001
1869 366.967682
1870 366.893431
1871 366.819247
1872 366.745131
1873 366.671083
1874 366.597103
1875 366.523190
1876 366.449345
1877 366.375567
1878 366.301857
1879 366.228214
1880 366.154638
1881 366.081129
1882 366.007687
1883 365.934313
1884 365.861005
1885 365.787765
1886 365.714591
1887 365.641484
1888 365.568444
1889 365.495471
1890 365.422564
1891 365.349724
1892 365.276951
1893 365.204243
1894 365.131603
1895 365.059028
1896 364.986520
1897 364.914078
1898 364.841703
1899 364.769393
1900 364.697149
1901 364.624972
1902 364.552860
1903 364.480814
1904 364.408834
1905 364.336920
1906 364.265071
1907 364.193288
1908 364.121571
1909 364.049919
1910 363.978333
1911 363.906811
1912 363.835356
1913 363.763965
1914 363.692640
1915 363.621380
1916 363.550184
1917 363.479054
1918 363.407989
1919 363.336989
1920 363.266054
1921 363.195183
1922 363.124377
1923 363.053636
1924 362.982959
1925 362.912347
1926 362.841800
1927 362.771317
1928 362.700898
1929 362.630543
1930 362.560253
1931 362.490027
1932 362.419865
1933 362.349768
1934 362.279734
1935 362.209764
1936 362.139858
1937 362.070016
1938 362.000238
1939 361.930523
1940 361.860872
1941 361.791285
1942 361.721761
1943 361.652301
1944 361.582904
1945 361.513571
1946 361.444301
1947 361.375094
1948 361.305950
1949 361.236870
1950 361.167853
1951 361.098898
1952 361.030007
1953 360.961179
1954 360.892413
1955 360.823710
1956 360.755070
1957 360.686493
1958 360.617978
1959 360.549526
1960 360.481136
1961 360.412809
1962 360.344544
1963 360.276342
1964 360.208202
1965 360.140124
1966 360.072108
1967 360.004155
1968 359.936263
1969 359.868434
1970 359.800666
1971 359.732960
1972 359.665316
1973 359.597734
1974 359.530214
1975 359.462755
1976 359.395358
1977 359.328023
1978 359.260749
1979 359.193536
1980 359.126385
1981 359.059295
1982 358.992266
1983 358.925299
1984 358.858393
1985 358.791547
1986 358.724763
1987 358.658040
1988 358.591378
1989 358.524777
1990 358.458236
1991 358.391757
1992 358.325338
1993 358.258979
1994 358.192682
1995 358.126445
1996 358.060268
1997 357.994152
1998 357.928096
1999 357.862100
2000 357.796165
2001 357.730290
2002 357.664475
2003 357.598721
2004 357.533026
2005 357.467391
2006 357.401816
2007 357.336302
2008 357.270847
2009 357.205451
2010 357.140116
2011 357.074840
2012 357.009624
2013 356.944467
2014 356.879370
2015 356.814332
2016 356.749354
2017 356.684435
2018 356.619575
2019 356.554775
2020 356.490033
2021 356.425351
2022 356.360728
2023 356.296164
2024 356.231659
2025 356.167213
2026 356.102826
2027 356.038497
2028 355.974227
2029 355.910016
2030 355.845864
2031 355.781770
2032 355.717735
2033 355.653758
2034 355.589840
2035 355.525980
2036 355.462178
2037 355.398435
2038 355.334749
2039 355.271122
2040 355.207553
2041 355.144042
2042 355.080590
2043 355.017195
2044 354.953858
2045 354.890579
2046 354.827357
2047 354.764194
2048 354.701088
2049 354.638039
2050 354.575049
2051 354.512115
2052 354.449240
2053 354.386421
2054 354.323660
2055 354.260957
2056 354.198310
2057 354.135721
2058 354.073189
2059 354.010714
2060 353.948297
2061 353.885936
2062 353.823632
2063 353.761385
2064 353.699195
2065 353.637062
2066 353.574985
2067 353.512965
2068 353.451002
2069 353.389095
2070 353.327245
2071 353.265452
2072 353.203714
2073 353.142034
2074 353.080409
2075 353.018841
2076 352.957329
2077 352.895873
2078 352.834474
2079 352.773130
2080 352.711843
2081 352.650611
2082 352.589435
2083 352.528316
2084 352.467252
2085 352.406244
2086 352.345291
2087 352.284394
2088 352.223553
2089 352.162767
2090 352.102037
2091 352.041363
2092 351.980744
2093 351.920180
2094 351.859671
2095 351.799218
2096 351.738820
2097 351.678477
2098 351.618189
2099 351.557956
2100 351.497779
2101 351.437656
2102 351.377588
2103 351.317575
2104 351.257617
2105 351.197713
2106 351.137865
2107 351.078071
2108 351.018331
2109 350.958646
2110 350.899016
2111 350.839440
2112 350.779918
2113 350.720451
2114 350.661038
2115 350.601680
2116 350.542375
2117 350.483125
2118 350.423929
2119 350.364787
2120 350.305699
2121 350.246665
2122 350.187685
2123 350.128759
2124 350.069886
2125 350.011067
2126 349.952302
2127 349.893591
2128 349.834933
2129 349.776329
2130 349.717779
2131 349.659282
2132 349.600838
2133 349.542448
2134 349.484111
2135 349.425827
2136 349.367596
2137 349.309419
2138 349.251295
2139 349.193224
2140 349.135206
2141 349.077241
2142 349.019329
2143 348.961469
2144 348.903663
2145 348.845909
2146 348.788208
2147 348.730560
2148 348.672965
2149 348.615422
2150 348.557932
2151 348.500494
2152 348.443108
2153 348.385775
2154 348.328495
2155 348.271266
2156 348.214090
2157 348.156967
2158 348.099895
2159 348.042875
2160 347.985908
2161 347.928993
2162 347.872129
2163 347.815318
2164 347.758558
2165 347.701850
2166 347.645194
2167 347.588590
2168 347.532037
2169 347.475536
2170 347.419087
2171 347.362689
2172 347.306343
2173 347.250048
2174 347.193805
2175 347.137613
2176 347.081472
2177 347.025383
2178 346.969345
2179 346.913358
2180 346.857422
2181 346.801537
2182 346.745703
2183 346.689921
2184 346.634189
2185 346.578508
2186 346.522878
2187 346.467299
2188 346.411770
2189 346.356292
2190 346.300865
2191 346.245489
2192 346.190163
2193 346.134887
2194 346.079662
2195 346.024488
2196 345.969364
2197 345.914290
2198 345.859267
2199 345.804293
2200 345.749371
2201 345.694498
2202 345.639675
2203 345.584902
2204 345.530180
2205 345.475507
2206 345.420884
2207 345.366312
2208 345.311789
2209 345.257315
2210 345.202892
2211 345.148518
2212 345.094194
2213 345.039920
2214 344.985695
2215 344.931519
2216 344.877394
2217 344.823317
2218 344.769290
2219 344.715312
2220 344.661384
2221 344.607505
2222 344.553675
2223 344.499894
2224 344.446162
2225 344.392480
2226 344.338846
2227 344.285262
2228 344.231726
2229 344.178239
2230 344.124801
2231 344.071412
2232 344.018072
2233 343.964780
2234 343.911537
2235 343.858343
2236 343.805197
2237 343.752100
2238 343.699051
2239 343.646051
2240 343.593099
2241 343.540195
2242 343.487340
2243 343.434533
2244 343.381774
2245 343.329064
2246 343.276402
2247 343.223787
2248 343.171221
2249 343.118703
2250 343.066233
2251 343.013810
2252 342.961436
2253 342.909109
2254 342.856830
2255 342.804599
2256 342.752416
2257 342.700280
2258 342.648192
2259 342.596151
2260 342.544158
2261 342.492213
2262 342.440315
2263 342.388464
2264 342.336661
2265 342.284905
2266 342.233196
2267 342.181534
2268 342.129920
2269 342.078353
2270 342.026833
2271 341.975360
2272 341.923933
2273 341.872554
2274 341.821222
2275 341.769937
2276 341.718698
2277 341.667507
2278 341.616362
2279 341.565264
2280 341.514212
2281 341.463207
2282 341.412249
2283 341.361337
2284 341.310472
2285 341.259653
2286 341.208881
2287 341.158155
2288 341.107475
2289 341.056841
2290 341.006254
2291 340.955713
2292 340.905218
2293 340.854770
2294 340.804367
2295 340.754011
2296 340.703700
2297 340.653435
2298 340.603216
2299 340.553044
2300 340.502917
2301 340.452835
2302 340.402800
2303 340.352810
2304 340.302866
2305 340.252967
2306 340.203114
2307 340.153306
2308 340.103545
2309 340.053828
2310 340.004157
2311 339.954531
2312 339.904951
2313 339.855415
2314 339.805925
2315 339.756481
2316 339.707081
2317 339.657727
2318 339.608417
2319 339.559153
2320 339.509934
2321 339.460759
2322 339.411630
2323 339.362545
2324 339.313505
2325 339.264510
2326 339.215560
2327 339.166654
2328 339.117793
2329 339.068977
2330 339.020205
2331 338.971478
2332 338.922796
2333 338.874157
2334 338.825564
2335 338.777014
2336 338.728509
2337 338.680048
2338 338.631632
2339 338.583260
2340 338.534932
2341 338.486648
2342 338.438408
2343 338.390212
2344 338.342060
2345 338.293952
2346 338.245889
2347 338.197869
2348 338.149892
2349 338.101960
2350 338.054072
2351 338.006227
2352 337.958426
2353 337.910668
2354 337.862954
2355 337.815284
2356 337.767657
2357 337.720074
2358 337.672534
2359 337.625038
2360 337.577585
2361 337.530176
2362 337.482809
2363 337.435486
2364 337.388206
2365 337.340970
2366 337.293776
2367 337.246626
2368 337.199518
2369 337.152454
2370 337.105433
2371 337.058454
2372 337.011519
2373 336.964626
2374 336.917776
2375 336.870969
2376 336.824205
2377 336.777483
2378 336.730804
2379 336.684168
2380 336.637575
2381 336.591023
2382 336.544515
2383 336.498049
2384 336.451625
2385 336.405244
2386 336.358905
2387 336.312608
2388 336.266354
2389 336.220142
2390 336.173972
2391 336.127844
2392 336.081758
2393 336.035715
2394 335.989713
2395 335.943754
2396 335.897837
2397 335.851961
2398 335.806127
2399 335.760336
2400 335.714586
2401 335.668878
2402 335.623211
2403 335.577586
2404 335.532003
2405 335.486462
2406 335.440962
2407 335.395504
2408 335.350087
2409 335.304712
2410 335.259378
2411 335.214086
2412 335.168834
2413 335.123625
2414 335.078456
2415 335.033329
2416 334.988243
2417 334.943198
2418 334.898195
2419 334.853232
2420 334.808311
2421 334.763430
2422 334.718591
2423 334.673792
2424 334.629034
2425 334.584318
2426 334.539642
2427 334.495007
2428 334.450412
2429 334.405859
2430 334.361346
2431 334.316873
2432 334.272442
2433 334.228051
2434 334.183700
2435 334.139390
2436 334.095121
2437 334.050891
2438 334.006703
2439 333.962554
2440 333.918446
2441 333.874379
2442 333.830351
2443 333.786364
2444 333.742417
2445 333.698510
2446 333.654643
2447 333.610816
2448 333.567029
2449 333.523282
2450 333.479575
2451 333.435908
2452 333.392281
2453 333.348694
2454 333.305147
2455 333.261639
2456 333.218171
2457 333.174743
2458 333.131354
2459 333.088005
2460 333.044696
2461 333.001426
2462 332.958196
2463 332.915005
2464 332.871854
2465 332.828742
2466 332.785669
2467 332.742636
2468 332.699642
2469 332.656687
2470 332.613772
2471 332.570896
2472 332.528059
2473 332.485261
2474 332.442502
2475 332.399782
2476 332.357101
2477 332.314459
2478 332.271856
2479 332.229293
2480 332.186767
2481 332.144281
2482 332.101834
2483 332.059425
2484 332.017055
2485 331.974724
2486 331.932431
2487 331.890177
2488 331.847962
2489 331.805785
2490 331.763647
2491 331.721547
2492 331.679486
2493 331.637463
2494 331.595478
2495 331.553532
2496 331.511624
2497 331.469754
2498 331.427923
2499 331.386130
2500 331.344375
2501 331.302658
2502 331.260979
2503 331.219338
2504 331.177735
2505 331.136171
2506 331.094644
2507 331.053155
2508 331.011704
2509 330.970291
2510 330.928916
2511 330.887578
2512 330.846279
2513 330.805017
2514 330.763792
2515 330.722606
2516 330.681457
2517 330.640345
2518 330.599271
2519 330.558235
2520 330.517236
2521 330.476274
2522 330.435350
2523 330.394463
2524 330.353614
2525 330.312802
2526 330.272027
2527 330.231290
2528 330.190589
2529 330.149926
2530 330.109300
2531 330.068711
2532 330.028159
2533 329.987645
2534 329.947167
2535 329.906726
2536 329.866322
2537 329.825955
2538 329.785625
2539 329.745331
2540 329.705075
2541 329.664855
2542 329.624672
2543 329.584526
2544 329.544416
2545 329.504343
2546 329.464307
2547 329.424307
2548 329.384344
2549 329.344417
2550 329.304526
2551 329.264672
2552 329.224855
2553 329.185074
2554 329.145329
2555 329.105620
2556 329.065948
2557 329.026312
2558 328.986712
2559 328.947148
2560 328.907621
2561 328.868129
2562 328.828674
2563 328.789255
2564 328.749871
2565 328.710524
2566 328.671213
2567 328.631937
2568 328.592697
2569 328.553493
2570 328.514325
2571 328.475193
2572 328.436097
2573 328.397036
2574 328.358011
2575 328.319021
2576 328.280067
2577 328.241149
2578 328.202266
2579 328.163419
2580 328.124607
2581 328.085831
2582 328.047090
2583 328.008384
2584 327.969714
2585 327.931079
2586 327.892480
2587 327.853915
2588 327.815386
2589 327.776892
2590 327.738434
2591 327.700010
2592 327.661621
2593 327.623268
2594 327.584950
2595 327.546666
2596 327.508418
2597 327.470204
2598 327.432025
2599 327.393881
2600 327.355773
2601 327.317698
2602 327.279659
2603 327.241654
2604 327.203684
2605 327.165749
2606 327.127848
2607 327.089982
2608 327.052151
2609 327.014354
2610 326.976592
2611 326.938864
2612 326.901171
2613 326.863512
2614 326.825887
2615 326.788297
2616 326.750741
2617 326.713219
2618 326.675732
2619 326.638279
2620 326.600860
2621 326.563475
2622 326.526125
2623 326.488808
2624 326.451526
2625 326.414278
2626 326.377063
2627 326.339883
2628 326.302737
2629 326.265624
2630 326.228546
2631 326.191501
2632 326.154490
2633 326.117513
2634 326.080570
2635 326.043660
2636 326.006784
2637 325.969942
2638 325.933134
2639 325.896359
2640 325.859617
2641 325.822910
2642 325.786236
2643 325.749595
2644 325.712988
2645 325.676414
2646 325.639873
2647 325.603366
2648 325.566892
2649 325.530452
2650 325.494045
2651 325.457671
2652 325.421330
2653 325.385023
2654 325.348749
2655 325.312508
2656 325.276299
2657 325.240124
2658 325.203982
2659 325.167873
2660 325.131798
2661 325.095754
2662 325.059744
2663 325.023767
2664 324.987823
2665 324.951911
2666 324.916032
2667 324.880186
2668 324.844373
2669 324.808593
2670 324.772845
2671 324.737130
2672 324.701447
2673 324.665797
2674 324.630180
2675 324.594595
2676 324.559042
2677 324.523522
2678 324.488035
2679 324.452580
2680 324.417157
2681 324.381767
2682 324.346409
2683 324.311083
2684 324.275789
2685 324.240528
2686 324.205299
2687 324.170102
2688 324.134937
2689 324.099805
2690 324.064704
2691 324.029636
2692 323.994599
2693 323.959595
2694 323.924623
2695 323.889682
2696 323.854773
2697 323.819897
2698 323.785052
2699 323.750239
2700 323.715457
2701 323.680708
2702 323.645990
2703 323.611304
2704 323.576650
2705 323.542027
2706 323.507436
2707 323.472876
2708 323.438348
2709 323.403852
2710 323.369387
2711 323.334954
2712 323.300552
2713 323.266181
2714 323.231842
2715 323.197534
2716 323.163257
2717 323.129012
2718 323.094798
2719 323.060616
2720 323.026464
2721 322.992344
2722 322.958255
2723 322.924197
2724 322.890170
2725 322.856174
2726 322.822209
2727 322.788276
2728 322.754373
2729 322.720501
2730 322.686660
2731 322.652851
2732 322.619071
2733 322.585323
2734 322.551606
2735 322.517919
2736 322.484264
2737 322.450638
2738 322.417044
2739 322.383480
2740 322.349947
2741 322.316445
2742 322.282973
2743 322.249532
2744 322.216121
2745 322.182741
2746 322.149391
2747 322.116072
2748 322.082783
2749 322.049525
2750 322.016297
2751 321.983099
2752 321.949932
2753 321.916795
2754 321.883688
2755 321.850611
2756 321.817565
2757 321.784549
2758 321.751563
2759 321.718607
2760 321.685681
2761 321.652785
2762 321.619920
2763 321.587084
2764 321.554278
2765 321.521503
2766 321.488757
2767 321.456041
2768 321.423355
2769 321.390699
2770 321.358072
2771 321.325476
2772 321.292909
2773 321.260372
2774 321.227865
2775 321.195387
2776 321.162939
2777 321.130521
2778 321.098132
2779 321.065773
2780 321.033443
2781 321.001143
2782 320.968873
2783 320.936632
2784 320.904420
2785 320.872238
2786 320.840085
2787 320.807962
2788 320.775867
2789 320.743803
2790 320.711767
2791 320.679761
2792 320.647784
2793 320.615836
2794 320.583917
2795 320.552028
2796 320.520167
2797 320.488336
2798 320.456534
2799 320.424761
2800 320.393017
2801 320.361301
2802 320.329615
2803 320.297958
2804 320.266330
2805 320.234730
2806 320.203159
2807 320.171618
2808 320.140105
2809 320.108621
2810 320.077165
2811 320.045738
2812 320.014340
2813 319.982971
2814 319.951630
2815 319.920318
2816 319.889035
2817 319.857780
2818 319.826554
2819 319.795356
2820 319.764187
2821 319.733046
2822 319.701933
2823 319.670849
2824 319.639794
2825 319.608766
2826 319.577768
2827 319.546797
2828 319.515855
2829 319.484941
2830 319.454055
2831 319.423197
2832 319.392368
2833 319.361566
2834 319.330793
2835 319.300048
2836 319.269331
2837 319.238642
2838 319.207981
2839 319.177349
2840 319.146744
2841 319.116167
2842 319.085618
2843 319.055096
2844 319.024603
2845 318.994138
2846 318.963700
2847 318.933290
2848 318.902908
2849 318.872554
2850 318.842228
2851 318.811929
2852 318.781658
2853 318.751414
2854 318.721198
2855 318.691010
2856 318.660849
2857 318.630716
2858 318.600610
2859 318.570532
2860 318.540481
2861 318.510458
2862 318.480462
2863 318.450494
2864 318.420553
2865 318.390639
2866 318.360753
2867 318.330893
2868 318.301062
2869 318.271257
2870 318.241480
2871 318.211729
2872 318.182006
2873 318.152311
2874 318.122642
2875 318.093000
2876 318.063386
2877 318.033798
2878 318.004237
2879 317.974704
2880 317.945197
2881 317.915718
2882 317.886265
2883 317.856839
2884 317.827440
2885 317.798068
2886 317.768723
2887 317.739405
2888 317.710113
2889 317.680848
2890 317.651610
2891 317.622399
2892 317.593214
2893 317.564056
2894 317.534924
2895 317.505819
2896 317.476741
2897 317.447689
2898 317.418664
2899 317.389665
2900 317.360693
2901 317.331747
2902 317.302828
2903 317.273935
2904 317.245068
2905 317.216228
2906 317.187414
2907 317.158627
2908 317.129866
2909 317.101131
2910 317.072422
2911 317.043739
2912 317.015083
2913 316.986453
2914 316.957849
2915 316.929271
2916 316.900719
2917 316.872194
2918 316.843694
2919 316.815220
2920 316.786773
2921 316.758351
2922 316.729956
2923 316.701586
2924 316.673242
2925 316.644924
2926 316.616632
2927 316.588366
2928 316.560125
2929 316.531911
2930 316.503722
2931 316.475559
2932 316.447421
2933 316.419310
2934 316.391224
2935 316.363163
2936 316.335128
2937 316.307119
2938 316.279136
2939 316.251178
2940 316.223245
2941 316.195338
2942 316.167457
2943 316.139601
2944 316.111770
2945 316.083965
2946 316.056185
2947 316.028431
2948 316.000702
2949 315.972998
2950 315.945320
2951 315.917667
2952 315.890039
2953 315.862436
2954 315.834859
2955 315.807306
2956 315.779779
2957 315.752277
2958 315.724801
2959 315.697349
2960 315.669922
2961 315.642521
2962 315.615144
2963 315.587792
2964 315.560466
2965 315.533164
2966 315.505887
2967 315.478636
2968 315.451409
2969 315.424207
2970 315.397029
2971 315.369877
2972 315.342749
2973 315.315647
2974 315.288569
2975 315.261515
2976 315.234487
2977 315.207483
2978 315.180503
2979 315.153549
2980 315.126619
2981 315.099713
2982 315.072832
2983 315.045976
2984 315.019144
2985 314.992337
2986 314.965554
2987 314.938796
2988 314.912062
2989 314.885353
2990 314.858668
2991 314.832007
2992 314.805371
2993 314.778759
2994 314.752171
2995 314.725607
2996 314.699068
2997 314.672553
2998 314.646062
2999 314.619596
3000 314.593154
3001 314.566735
3002 314.540341
3003 314.513971
3004 314.487625
3005 314.461304
3006 314.435006
3007 314.408732
3008 314.382482
3009 314.356256
3010 314.330054
3011 314.303877
3012 314.277723
3013 314.251592
3014 314.225486
3015 314.199404
3016 314.173345
3017 314.147310
3018 314.121299
3019 314.095312
3020 314.069348
3021 314.043409
3022 314.017492
3023 313.991600
3024 313.965731
3025 313.939886
3026 313.914064
3027 313.888266
3028 313.862492
3029 313.836741
3030 313.811014
3031 313.785310
3032 313.759629
3033 313.733972
3034 313.708339
3035 313.682729
3036 313.657142
3037 313.631579
3038 313.606039
3039 313.580522
3040 313.555028
3041 313.529558
3042 313.504111
3043 313.478688
3044 313.453287
3045 313.427910
3046 313.402556
3047 313.377225
3048 313.351918
3049 313.326633
3050 313.301372
3051 313.276133
3052 313.250918
3053 313.225725
3054 313.200556
3055 313.175410
3056 313.150286
3057 313.125186
3058 313.100108
3059 313.075054
3060 313.050022
3061 313.025013
3062 313.000027
3063 312.975064
3064 312.950123
3065 312.925206
3066 312.900311
3067 312.875438
3068 312.850589
3069 312.825762
3070 312.800958
3071 312.776177
3072 312.751418
3073 312.726682
3074 312.701968
3075 312.677277
3076 312.652609
3077 312.627963
3078 312.603339
3079 312.578738
3080 312.554160
3081 312.529604
3082 312.505070
3083 312.480559
3084 312.456070
3085 312.431604
3086 312.407160
3087 312.382738
3088 312.358338
3089 312.333961
3090 312.309606
3091 312.285274
3092 312.260963
3093 312.236675
3094 312.212409
3095 312.188165
3096 312.163943
3097 312.139744
3098 312.115566
3099 312.091411
3100 312.067277
3101 312.043166
3102 312.019076
3103 311.995009
3104 311.970964
3105 311.946940
3106 311.922939
3107 311.898959
3108 311.875002
3109 311.851066
3110 311.827152
3111 311.803260
3112 311.779390
3113 311.755541
3114 311.731715
3115 311.707910
3116 311.684127
3117 311.660365
3118 311.636625
3119 311.612907
3120 311.589211
3121 311.565536
3122 311.541883
3123 311.518252
3124 311.494642
3125 311.471053
3126 311.447486
3127 311.423941
3128 311.400417
3129 311.376915
3130 311.353434
3131 311.329975
3132 311.306537
3133 311.283120
3134 311.259725
3135 311.236351
3136 311.212999
3137 311.189667
3138 311.166358
3139 311.143069
3140 311.119802
3141 311.096556
3142 311.073331
3143 311.050127
3144 311.026945
3145 311.003784
3146 310.980643
3147 310.957525
3148 310.934427
3149 310.911350
3150 310.888294
3151 310.865260
3152 310.842246
3153 310.819254
3154 310.796282
3155 310.773331
3156 310.750402
3157 310.727493
3158 310.704605
3159 310.681738
3160 310.658893
3161 310.636067
3162 310.613263
3163 310.590480
3164 310.567717
3165 310.544975
3166 310.522254
3167 310.499554
3168 310.476874
3169 310.454215
3170 310.431577
3171 310.408960
3172 310.386363
3173 310.363787
3174 310.341231
3175 310.318696
3176 310.296182
3177 310.273688
3178 310.251215
3179 310.228762
3180 310.206330
3181 310.183918
3182 310.161526
3183 310.139156
3184 310.116805
3185 310.094475
3186 310.072166
3187 310.049876
3188 310.027607
3189 310.005359
3190 309.983131
3191 309.960923
3192 309.938735
3193 309.916568
3194 309.894420
3195 309.872294
3196 309.850187
3197 309.828100
3198 309.806034
3199 309.783988
3200 309.761962
3201 309.739956
3202 309.717970
3203 309.696004
3204 309.674058
3205 309.652133
3206 309.630227
3207 309.608341
3208 309.586476
3209 309.564630
3210 309.542804
3211 309.520999
3212 309.499213
3213 309.477447
3214 309.455701
3215 309.433974
3216 309.412268
3217 309.390581
3218 309.368915
3219 309.347268
3220 309.325640
3221 309.304033
3222 309.282445
3223 309.260877
3224 309.239329
3225 309.217800
3226 309.196291
3227 309.174802
3228 309.153332
3229 309.131882
3230 309.110452
3231 309.089041
3232 309.067649
3233 309.046278
3234 309.024925
3235 309.003592
3236 308.982279
3237 308.960985
3238 308.939711
3239 308.918456
3240 308.897220
3241 308.876004
3242 308.854807
3243 308.833630
3244 308.812472
3245 308.791333
3246 308.770213
3247 308.749113
3248 308.728032
3249 308.706971
3250 308.685928
3251 308.664905
3252 308.643901
3253 308.622916
3254 308.601950
3255 308.581004
3256 308.560077
3257 308.539168
3258 308.518279
3259 308.497409
3260 308.476558
3261 308.455726
3262 308.434913
3263 308.414119
3264 308.393344
3265 308.372588
3266 308.351851
3267 308.331133
3268 308.310434
3269 308.289753
3270 308.269092
3271 308.248449
3272 308.227826
3273 308.207221
3274 308.186635
3275 308.166068
3276 308.145519
3277 308.124990
3278 308.104479
3279 308.083986
3280 308.063513
3281 308.043058
3282 308.022622
3283 308.002205
3284 307.981806
3285 307.961426
3286 307.941064
3287 307.920721
3288 307.900397
3289 307.880091
3290 307.859804
3291 307.839535
3292 307.819285
3293 307.799053
3294 307.778840
3295 307.758645
3296 307.738469
3297 307.718311
3298 307.698171
3299 307.678050
3300 307.657948
3301 307.637863
3302 307.617797
3303 307.597749
3304 307.577720
3305 307.557709
3306 307.537716
3307 307.517742
3308 307.497785
3309 307.477847
3310 307.457927
3311 307.438026
3312 307.418142
3313 307.398277
3314 307.378429
3315 307.358600
3316 307.338789
3317 307.318996
3318 307.299222
3319 307.279465
3320 307.259726
3321 307.240005
3322 307.220303
3323 307.200618
3324 307.180951
3325 307.161303
3326 307.141672
3327 307.122059
3328 307.102464
3329 307.082887
3330 307.063328
3331 307.043787
3332 307.024263
3333 307.004757
3334 306.985270
3335 306.965800
3336 306.946347
3337 306.926913
3338 306.907496
3339 306.888097
3340 306.868716
3341 306.849352
3342 306.830006
3343 306.810678
3344 306.791368
3345 306.772075
3346 306.752799
3347 306.733542
3348 306.714301
3349 306.695079
3350 306.675874
3351 306.656686
3352 306.637516
3353 306.618364
3354 306.599229
3355 306.580112
3356 306.561012
3357 306.541929
3358 306.522864
3359 306.503816
3360 306.484786
3361 306.465773
3362 306.446777
3363 306.427799
3364 306.408838
3365 306.389895
3366 306.370968
3367 306.352059
3368 306.333168
3369 306.314293
3370 306.295436
3371 306.276596
3372 306.257773
3373 306.238968
3374 306.220179
3375 306.201408
3376 306.182654
3377 306.163917
3378 306.145197
3379 306.126494
3380 306.107808
3381 306.089140
3382 306.070488
3383 306.051854
3384 306.033236
3385 306.014635
3386 305.996052
3387 305.977485
3388 305.958936
3389 305.940403
3390 305.921887
3391 305.903388
3392 305.884906
3393 305.866441
3394 305.847993
3395 305.829562
3396 305.811147
3397 305.792749
3398 305.774369
3399 305.756004
3400 305.737657
3401 305.719326
3402 305.701013
3403 305.682716
3404 305.664435
3405 305.646171
3406 305.627924
3407 305.609694
3408 305.591480
3409 305.573283
3410 305.555103
3411 305.536939
3412 305.518791
3413 305.500661
3414 305.482547
3415 305.464449
3416 305.446368
3417 305.428303
3418 305.410255
3419 305.392224
3420 305.374209
3421 305.356210
3422 305.338228
3423 305.320262
3424 305.302313
3425 305.284380
3426 305.266463
3427 305.248563
3428 305.230679
3429 305.212811
3430 305.194960
3431 305.177125
3432 305.159306
3433 305.141504
3434 305.123718
3435 305.105948
3436 305.088194
3437 305.070457
3438 305.052735
3439 305.035030
3440 305.017341
3441 304.999669
3442 304.982012
3443 304.964372
3444 304.946747
3445 304.929139
3446 304.911547
3447 304.893971
3448 304.876411
3449 304.858867
3450 304.841339
3451 304.823827
3452 304.806331
3453 304.788851
3454 304.771387
3455 304.753938
3456 304.736506
3457 304.719090
3458 304.701690
3459 304.684305
3460 304.666937
3461 304.649584
3462 304.632247
3463 304.614926
3464 304.597621
3465 304.580331
3466 304.563058
3467 304.545800
3468 304.528558
3469 304.511331
3470 304.494121
3471 304.476926
3472 304.459747
3473 304.442583
3474 304.425435
3475 304.408303
3476 304.391187
3477 304.374086
3478 304.357001
3479 304.339931
3480 304.322877
3481 304.305838
3482 304.288815
3483 304.271808
3484 304.254816
3485 304.237840
3486 304.220879
3487 304.203934
3488 304.187004
3489 304.170089
3490 304.153190
3491 304.136307
3492 304.119439
3493 304.102586
3494 304.085749
3495 304.068927
3496 304.052120
3497 304.035329
3498 304.018553
3499 304.001793
3500 303.985047
3501 303.968317
3502 303.951603
3503 303.934903
3504 303.918219
3505 303.901550
3506 303.884897
3507 303.868258
3508 303.851635
3509 303.835027
3510 303.818434
3511 303.801856
3512 303.785293
3513 303.768746
3514 303.752213
3515 303.735696
3516 303.719194
3517 303.702707
3518 303.686235
3519 303.669777
3520 303.653335
3521 303.636908
3522 303.620496
3523 303.604099
3524 303.587717
3525 303.571350
3526 303.554998
3527 303.538661
3528 303.522339
3529 303.506031
3530 303.489739
3531 303.473461
3532 303.457198
3533 303.440951
3534 303.424718
3535 303.408499
3536 303.392296
3537 303.376107
3538 303.359934
3539 303.343774
3540 303.327630
3541 303.311501
3542 303.295386
3543 303.279286
3544 303.263200
3545 303.247130
3546 303.231074
3547 303.215032
3548 303.199005
3549 303.182993
3550 303.166996
3551 303.151013
3552 303.135045
3553 303.119091
3554 303.103152
3555 303.087228
3556 303.071318
3557 303.055422
3558 303.039541
3559 303.023675
3560 303.007823
3561 302.991985
3562 302.976162
3563 302.960354
3564 302.944560
3565 302.928780
3566 302.913015
3567 302.897264
3568 302.881527
3569 302.865805
3570 302.850097
3571 302.834404
3572 302.818725
3573 302.803060
3574 302.787410
3575 302.771773
3576 302.756152
3577 302.740544
3578 302.724951
3579 302.709371
3580 302.693807
3581 302.678256
3582 302.662719
3583 302.647197
3584 302.631689
3585 302.616195
3586 302.600715
3587 302.585250
3588 302.569798
3589 302.554361
3590 302.538937
3591 302.523528
3592 302.508133
3593 302.492752
3594 302.477385
3595 302.462032
3596 302.446693
3597 302.431368
3598 302.416057
3599 302.400760
3600 302.385477
3601 302.370207
3602 302.354952
3603 302.339711
3604 302.324484
3605 302.309270
3606 302.294071
3607 302.278885
3608 302.263714
3609 302.248556
3610 302.233412
3611 302.218281
3612 302.203165
3613 302.188062
3614 302.172974
3615 302.157899
3616 302.142837
3617 302.127790
3618 302.112756
3619 302.097736
3620 302.082730
3621 302.067737
3622 302.052758
3623 302.037793
3624 302.022842
3625 302.007904
3626 301.992979
3627 301.978069
3628 301.963172
3629 301.948288
3630 301.933419
3631 301.918562
3632 301.903720
3633 301.888891
3634 301.874075
3635 301.859273
3636 301.844484
3637 301.829709
3638 301.814948
3639 301.800200
3640 301.785465
3641 301.770744
3642 301.756037
3643 301.741342
3644 301.726662
3645 301.711994
3646 301.697340
3647 301.682699
3648 301.668072
3649 301.653458
3650 301.638858
3651 301.624271
3652 301.609697
3653 301.595136
3654 301.580589
3655 301.566055
3656 301.551534
3657 301.537027
3658 301.522532
3659 301.508051
3660 301.493584
3661 301.479129
3662 301.464688
3663 301.450260
3664 301.435845
3665 301.421443
3666 301.407054
3667 301.392679
3668 301.378316
3669 301.363967
3670 301.349631
3671 301.335308
3672 301.320998
3673 301.306701
3674 301.292417
3675 301.278146
3676 301.263889
3677 301.249644
3678 301.235412
3679 301.221193
3680 301.206988
3681 301.192795
3682 301.178615
3683 301.164448
3684 301.150294
3685 301.136153
3686 301.122025
3687 301.107910
3688 301.093808
3689 301.079718
3690 301.065642
3691 301.051578
3692 301.037527
3693 301.023489
3694 301.009464
3695 300.995451
3696 300.981452
3697 300.967465
3698 300.953491
3699 300.939530
3700 300.925581
3701 300.911645
3702 300.897722
3703 300.883812
3704 300.869914
3705 300.856029
3706 300.842157
3707 300.828297
3708 300.814451
3709 300.800616
3710 300.786795
3711 300.772986
3712 300.759189
3713 300.745405
3714 300.731634
3715 300.717875
3716 300.704129
3717 300.690396
3718 300.676675
3719 300.662966
3720 300.649270
3721 300.635587
3722 300.621916
3723 300.608258
3724 300.594612
3725 300.580978
3726 300.567357
3727 300.553748
3728 300.540152
3729 300.526568
3730 300.512997
3731 300.499438
3732 300.485891
3733 300.472357
3734 300.458835
3735 300.445326
3736 300.431829
3737 300.418344
3738 300.404871
3739 300.391411
3740 300.377963
3741 300.364528
3742 300.351104
3743 300.337693
3744 300.324294
3745 300.310908
3746 300.297533
3747 300.284171
3748 300.270821
3749 300.257483
3750 300.244157
3751 300.230844
3752 300.217543
3753 300.204254
3754 300.190977
3755 300.177712
3756 300.164459
3757 300.151218
3758 300.137990
3759 300.124773
3760 300.111569
3761 300.098376
3762 300.085196
3763 300.072028
3764 300.058872
3765 300.045727
3766 300.032595
3767 300.019475
3768 300.006367
3769 299.993270
3770 299.980186
3771 299.967114
3772 299.954053
3773 299.941005
3774 299.927968
3775 299.914944
3776 299.901931
3777 299.888930
3778 299.875941
3779 299.862964
3780 299.849998
3781 299.837045
3782 299.824103
3783 299.811173
3784 299.798255
3785 299.785349
3786 299.772455
3787 299.759572
3788 299.746701
3789 299.733842
3790 299.720995
3791 299.708159
3792 299.695335
3793 299.682523
3794 299.669722
3795 299.656934
3796 299.644156
3797 299.631391
3798 299.618637
3799 299.605895
3800 299.593164
3801 299.580446
3802 299.567738
3803 299.555043
3804 299.542359
3805 299.529686
3806 299.517025
3807 299.504376
3808 299.491738
3809 299.479112
3810 299.466497
3811 299.453894
3812 299.441302
3813 299.428722
3814 299.416153
3815 299.403596
3816 299.391050
3817 299.378516
3818 299.365993
3819 299.353481
3820 299.340981
3821 299.328493
3822 299.316016
3823 299.303550
3824 299.291095
3825 299.278652
3826 299.266221
3827 299.253800
3828 299.241391
3829 299.228994
3830 299.216607
3831 299.204233
3832 299.191869
3833 299.179516
3834 299.167175
3835 299.154845
3836 299.142527
3837 299.130219
3838 299.117923
3839 299.105639
3840 299.093365
3841 299.081102
3842 299.068851
3843 299.056611
3844 299.044382
3845 299.032165
3846 299.019958
3847 299.007763
3848 298.995578
3849 298.983405
3850 298.971243
3851 298.959092
3852 298.946952
3853 298.934824
3854 298.922706
3855 298.910599
3856 298.898504
3857 298.886419
3858 298.874346
3859 298.862284
3860 298.850232
3861 298.838192
3862 298.826162
3863 298.814144
3864 298.802137
3865 298.790140
3866 298.778155
3867 298.766180
3868 298.754216
3869 298.742264
3870 298.730322
3871 298.718391
3872 298.706471
3873 298.694562
3874 298.682664
3875 298.670776
3876 298.658900
3877 298.647034
3878 298.635179
3879 298.623335
3880 298.611502
3881 298.599680
3882 298.587868
3883 298.576068
3884 298.564278
3885 298.552498
3886 298.540730
3887 298.528972
3888 298.517225
3889 298.505489
3890 298.493763
3891 298.482048
3892 298.470344
3893 298.458651
3894 298.446968
3895 298.435296
3896 298.423635
3897 298.411984
3898 298.400344
3899 298.388714
3900 298.377095
3901 298.365487
3902 298.353889
3903 298.342302
3904 298.330726
3905 298.319160
3906 298.307604
3907 298.296060
3908 298.284525
3909 298.273002
3910 298.261488
3911 298.249986
3912 298.238493
3913 298.227012
3914 298.215540
3915 298.204080
3916 298.192629
3917 298.181190
3918 298.169760
3919 298.158341
3920 298.146933
3921 298.135535
3922 298.124147
3923 298.112770
3924 298.101403
3925 298.090046
3926 298.078700
3927 298.067365
3928 298.056039
3929 298.044724
3930 298.033419
3931 298.022125
3932 298.010841
3933 297.999567
3934 297.988304
3935 297.977050
3936 297.965807
3937 297.954575
3938 297.943352
3939 297.932140
3940 297.920938
3941 297.909747
3942 297.898565
3943 297.887394
3944 297.876233
3945 297.865082
3946 297.853941
3947 297.842811
3948 297.831691
3949 297.820580
3950 297.809480
3951 297.798390
3952 297.787311
3953 297.776241
3954 297.765182
3955 297.754132
3956 297.743093
3957 297.732064
3958 297.721044
3959 297.710035
3960 297.699036
3961 297.688047
3962 297.677068
3963 297.666099
3964 297.655140
3965 297.644191
3966 297.633252
3967 297.622323
3968 297.611405
3969 297.600496
3970 297.589596
3971 297.578707
3972 297.567828
3973 297.556959
3974 297.546100
3975 297.535251
3976 297.524411
3977 297.513582
3978 297.502762
3979 297.491952
3980 297.481152
3981 297.470362
3982 297.459582
3983 297.448812
3984 297.438051
3985 297.427301
3986 297.416560
3987 297.405829
3988 297.395107
3989 297.384396
3990 297.373694
3991 297.363002
3992 297.352320
3993 297.341648
3994 297.330985
3995 297.320332
3996 297.309689
3997 297.299056
3998 297.288432
3999 297.277818
4000 297.267214
4001 297.256619
4002 297.246034
4003 297.235459
4004 297.224893
4005 297.214337
4006 297.203791
4007 297.193254
4008 297.182727
4009 297.172210
4010 297.161702
4011 297.151203
4012 297.140715
4013 297.130236
4014 297.119766
4015 297.109306
4016 297.098856
4017 297.088415
4018 297.077983
4019 297.067562
4020 297.057149
4021 297.046747
4022 297.036353
4023 297.025969
4024 297.015595
4025 297.005230
4026 296.994875
4027 296.984529
4028 296.974193
4029 296.963865
4030 296.953548
4031 296.943240
4032 296.932941
4033 296.922652
4034 296.912372
4035 296.902101
4036 296.891840
4037 296.881588
4038 296.871346
4039 296.861113
4040 296.850889
4041 296.840674
4042 296.830469
4043 296.820273
4044 296.810087
4045 296.799910
4046 296.789742
4047 296.779583
4048 296.769434
4049 296.759294
4050 296.749163
4051 296.739042
4052 296.728930
4053 296.718827
4054 296.708733
4055 296.698648
4056 296.688573
4057 296.678507
4058 296.668450
4059 296.658402
4060 296.648363
4061 296.638334
4062 296.628313
4063 296.618302
4064 296.608300
4065 296.598307
4066 296.588324
4067 296.578349
4068 296.568384
4069 296.558427
4070 296.548480
4071 296.538542
4072 296.528612
4073 296.518692
4074 296.508781
4075 296.498879
4076 296.488986
4077 296.479103
4078 296.469228
4079 296.459362
4080 296.449505
4081 296.439657
4082 296.429818
4083 296.419988
4084 296.410168
4085 296.400356
4086 296.390553
4087 296.380759
4088 296.370974
4089 296.361198
4090 296.351430
4091 296.341672
4092 296.331923
4093 296.322182
4094 296.312451
4095 296.302728
4096 296.293014
4097 296.283309
4098 296.273613
4099 296.263926
4100 296.254248
4101 296.244578
4102 296.234918
4103 296.225266
4104 296.215623
4105 296.205988
4106 296.196363
4107 296.186746
4108 296.177138
4109 296.167539
4110 296.157949
4111 296.148367
4112 296.138795
4113 296.129231
4114 296.119675
4115 296.110129
4116 296.100591
4117 296.091062
4118 296.081541
4119 296.072029
4120 296.062526
4121 296.053032
4122 296.043546
4123 296.034069
4124 296.024601
4125 296.015141
4126 296.005690
4127 295.996247
4128 295.986813
4129 295.977388
4130 295.967971
4131 295.958563
4132 295.949164
4133 295.939773
4134 295.930391
4135 295.921017
4136 295.911652
4137 295.902295
4138 295.892947
4139 295.883607
4140 295.874276
4141 295.864954
4142 295.855640
4143 295.846335
4144 295.837038
4145 295.827749
4146 295.818469
4147 295.809198
4148 295.799935
4149 295.790680
4150 295.781434
4151 295.772196
4152 295.762967
4153 295.753746
4154 295.744534
4155 295.735330
4156 295.726134
4157 295.716947
4158 295.707768
4159 295.698598
4160 295.689436
4161 295.680282
4162 295.671137
4163 295.662000
4164 295.652871
4165 295.643751
4166 295.634639
4167 295.625535
4168 295.616440
4169 295.607353
4170 295.598274
4171 295.589204
4172 295.580142
4173 295.571088
4174 295.562042
4175 295.553005
4176 295.543976
4177 295.534955
4178 295.525942
4179 295.516938
4180 295.507942
4181 295.498954
4182 295.489974
4183 295.481003
4184 295.472039
4185 295.463084
4186 295.454137
4187 295.445198
4188 295.436268
4189 295.427345
4190 295.418431
4191 295.409525
4192 295.400627
4193 295.391737
4194 295.382855
4195 295.373981
4196 295.365116
4197 295.356258
4198 295.347409
4199 295.338568
4200 295.329734
4201 295.320909
4202 295.312092
4203 295.303283
4204 295.294482
4205 295.285689
4206 295.276904
4207 295.268127
4208 295.259358
4209 295.250598
4210 295.241845
4211 295.233100
4212 295.224363
4213 295.215634
4214 295.206913
4215 295.198200
4216 295.189495
4217 295.180798
4218 295.172109
4219 295.163427
4220 295.154754
4221 295.146089
4222 295.137431
4223 295.128782
4224 295.120140
4225 295.111506
4226 295.102881
4227 295.094263
4228 295.085653
4229 295.077050
4230 295.068456
4231 295.059869
4232 295.051291
4233 295.042720
4234 295.034157
4235 295.025602
4236 295.017054
4237 295.008515
4238 294.999983
4239 294.991459
4240 294.982942
4241 294.974434
4242 294.965933
4243 294.957440
4244 294.948955
4245 294.940478
4246 294.932008
4247 294.923546
4248 294.915092
4249 294.906646
4250 294.898207
4251 294.889776
4252 294.881352
4253 294.872937
4254 294.864529
4255 294.856129
4256 294.847736
4257 294.839351
4258 294.830974
4259 294.822604
4260 294.814242
4261 294.805888
4262 294.797541
4263 294.789202
4264 294.780870
4265 294.772546
4266 294.764230
4267 294.755921
4268 294.747620
4269 294.739327
4270 294.731041
4271 294.722762
4272 294.714492
4273 294.706228
4274 294.697973
4275 294.689724
4276 294.681484
4277 294.673251
4278 294.665025
4279 294.656807
4280 294.648596
4281 294.640393
4282 294.632198
4283 294.624010
4284 294.615829
4285 294.607656
4286 294.599490
4287 294.591332
4288 294.583181
4289 294.575038
4290 294.566902
4291 294.558773
4292 294.550652
4293 294.542539
4294 294.534432
4295 294.526334
4296 294.518242
4297 294.510158
4298 294.502081
4299 294.494012
4300 294.485950
4301 294.477896
4302 294.469848
4303 294.461809
4304 294.453776
4305 294.445751
4306 294.437733
4307 294.429723
4308 294.421719
4309 294.413724
4310 294.405735
4311 294.397754
4312 294.389780
4313 294.381813
4314 294.373854
4315 294.365901
4316 294.357956
4317 294.350019
4318 294.342088
4319 294.334165
4320 294.326249
4321 294.318341
4322 294.310439
4323 294.302545
4324 294.294658
4325 294.286778
4326 294.278905
4327 294.271040
4328 294.263182
4329 294.255331
4330 294.247487
4331 294.239650
4332 294.231820
4333 294.223998
4334 294.216182
4335 294.208374
4336 294.200573
4337 294.192779
4338 294.184993
4339 294.177213
4340 294.169440
4341 294.161675
4342 294.153916
4343 294.146165
4344 294.138421
4345 294.130684
4346 294.122954
4347 294.115231
4348 294.107515
4349 294.099806
4350 294.092104
4351 294.084409
4352 294.076721
4353 294.069040
4354 294.061367
4355 294.053700
4356 294.046040
4357 294.038387
4358 294.030741
4359 294.023103
4360 294.015471
4361 294.007846
4362 294.000228
4363 293.992617
4364 293.985013
4365 293.977416
4366 293.969826
4367 293.962243
4368 293.954667
4369 293.947097
4370 293.939535
4371 293.931979
4372 293.924431
4373 293.916889
4374 293.909354
4375 293.901826
4376 293.894305
4377 293.886791
4378 293.879284
4379 293.871783
4380 293.864289
4381 293.856803
4382 293.849323
4383 293.841850
4384 293.834383
4385 293.826924
4386 293.819471
4387 293.812025
4388 293.804586
4389 293.797154
4390 293.789728
4391 293.782310
4392 293.774898
4393 293.767493
4394 293.760094
4395 293.752703
4396 293.745318
4397 293.737940
4398 293.730568
4399 293.723204
4400 293.715846
4401 293.708494
4402 293.701150
4403 293.693812
4404 293.686481
4405 293.679157
4406 293.671839
4407 293.664528
4408 293.657224
4409 293.649926
4410 293.642635
4411 293.635350
4412 293.628073
4413 293.620802
4414 293.613537
4415 293.606279
4416 293.599028
4417 293.591784
4418 293.584546
4419 293.577315
4420 293.570090
4421 293.562872
4422 293.555660
4423 293.548455
4424 293.541257
4425 293.534065
4426 293.526880
4427 293.519701
4428 293.512529
4429 293.505364
4430 293.498205
4431 293.491052
4432 293.483906
4433 293.476767
4434 293.469634
4435 293.462508
4436 293.455388
4437 293.448275
4438 293.441168
4439 293.434067
4440 293.426974
4441 293.419886
4442 293.412805
4443 293.405731
4444 293.398663
4445 293.391601
4446 293.384546
4447 293.377497
4448 293.370455
4449 293.363419
4450 293.356390
4451 293.349367
4452 293.342351
4453 293.335341
4454 293.328337
4455 293.321340
4456 293.314349
4457 293.307364
4458 293.300386
4459 293.293414
4460 293.286449
4461 293.279490
4462 293.272537
4463 293.265591
4464 293.258651
4465 293.251717
4466 293.244790
4467 293.237869
4468 293.230954
4469 293.224046
4470 293.217143
4471 293.210248
4472 293.203358
4473 293.196475
4474 293.189598
4475 293.182728
4476 293.175863
4477 293.169005
4478 293.162153
4479 293.155308
4480 293.148469
4481 293.141636
4482 293.134809
4483 293.127988
4484 293.121174
4485 293.114366
4486 293.107564
4487 293.100768
4488 293.093979
4489 293.087195
4490 293.080418
4491 293.073647
4492 293.066883
4493 293.060124
4494 293.053372
4495 293.046626
4496 293.039886
4497 293.033152
4498 293.026424
4499 293.019702
4500 293.012987
4501 293.006278
4502 292.999575
4503 292.992877
4504 292.986187
4505 292.979502
4506 292.972823
4507 292.966150
4508 292.959484
4509 292.952823
4510 292.946169
4511 292.939521
4512 292.932878
4513 292.926242
4514 292.919612
4515 292.912988
4516 292.906370
4517 292.899758
4518 292.893152
4519 292.886553
4520 292.879959
4521 292.873371
4522 292.866789
4523 292.860213
4524 292.853644
4525 292.847080
4526 292.840522
4527 292.833970
4528 292.827424
4529 292.820885
4530 292.814351
4531 292.807823
4532 292.801301
4533 292.794785
4534 292.788275
4535 292.781771
4536 292.775273
4537 292.768780
4538 292.762294
4539 292.755814
4540 292.749339
4541 292.742871
4542 292.736408
4543 292.729952
4544 292.723501
4545 292.717056
4546 292.710617
4547 292.704184
4548 292.697756
4549 292.691335
4550 292.684919
4551 292.678510
4552 292.672106
4553 292.665708
4554 292.659316
4555 292.652929
4556 292.646549
4557 292.640174
4558 292.633805
4559 292.627442
4560 292.621085
4561 292.614734
4562 292.608388
4563 292.602048
4564 292.595714
4565 292.589386
4566 292.583064
4567 292.576747
4568 292.570436
4569 292.564131
4570 292.557832
4571 292.551538
4572 292.545250
4573 292.538968
4574 292.532692
4575 292.526421
4576 292.520156
4577 292.513897
4578 292.507643
4579 292.501396
4580 292.495154
4581 292.488917
4582 292.482687
4583 292.476462
4584 292.470242
4585 292.464029
4586 292.457821
4587 292.451618
4588 292.445422
4589 292.439231
4590 292.433046
4591 292.426866
4592 292.420692
4593 292.414523
4594 292.408361
4595 292.402204
4596 292.396052
4597 292.389906
4598 292.383766
4599 292.377631
4600 292.371502
4601 292.365379
4602 292.359261
4603 292.353149
4604 292.347042
4605 292.340941
4606 292.334845
4607 292.328755
4608 292.322671
4609 292.316592
4610 292.310519
4611 292.304451
4612 292.298389
4613 292.292332
4614 292.286281
4615 292.280236
4616 292.274195
4617 292.268161
4618 292.262132
4619 292.256108
4620 292.250090
4621 292.244078
4622 292.238071
4623 292.232069
4624 292.226073
4625 292.220082
4626 292.214097
4627 292.208117
4628 292.202143
4629 292.196174
4630 292.190211
4631 292.184253
4632 292.178301
4633 292.172354
4634 292.166412
4635 292.160476
4636 292.154545
4637 292.148620
4638 292.142700
4639 292.136786
4640 292.130877
4641 292.124973
4642 292.119075
4643 292.113182
4644 292.107294
4645 292.101412
4646 292.095535
4647 292.089664
4648 292.083798
4649 292.077937
4650 292.072082
4651 292.066232
4652 292.060387
4653 292.054548
4654 292.048714
4655 292.042885
4656 292.037062
4657 292.031244
4658 292.025431
4659 292.019624
4660 292.013822
4661 292.008025
4662 292.002233
4663 291.996447
4664 291.990666
4665 291.984891
4666 291.979120
4667 291.973355
4668 291.967595
4669 291.961841
4670 291.956092
4671 291.950347
4672 291.944609
4673 291.938875
4674 291.933147
4675 291.927424
4676 291.921706
4677 291.915993
4678 291.910286
4679 291.904583
4680 291.898886
4681 291.893195
4682 291.887508
4683 291.881827
4684 291.876150
4685 291.870479
4686 291.864813
4687 291.859153
4688 291.853497
4689 291.847847
4690 291.842202
4691 291.836562
4692 291.830927
4693 291.825297
4694 291.819672
4695 291.814053
4696 291.808439
4697 291.802829
4698 291.797225
4699 291.791626
4700 291.786032
4701 291.780444
4702 291.774860
4703 291.769282
4704 291.763708
4705 291.758140
4706 291.752576
4707 291.747018
4708 291.741465
4709 291.735917
4710 291.730374
4711 291.724836
4712 291.719303
4713 291.713776
4714 291.708253
4715 291.702735
4716 291.697222
4717 291.691715
4718 291.686212
4719 291.680715
4720 291.675222
4721 291.669735
4722 291.664252
4723 291.658775
4724 291.653302
4725 291.647834
4726 291.642372
4727 291.636914
4728 291.631462
4729 291.626014
4730 291.620572
4731 291.615134
4732 291.609701
4733 291.604274
4734 291.598851
4735 291.593433
4736 291.588020
4737 291.582612
4738 291.577209
4739 291.571811
4740 291.566418
4741 291.561030
4742 291.555647
4743 291.550269
4744 291.544895
4745 291.539527
4746 291.534163
4747 291.528804
4748 291.523450
4749 291.518102
4750 291.512757
4751 291.507418
4752 291.502084
4753 291.496755
4754 291.491430
4755 291.486110
4756 291.480796
4757 291.475486
4758 291.470180
4759 291.464880
4760 291.459585
4761 291.454294
4762 291.449008
4763 291.443727
4764 291.438451
4765 291.433180
4766 291.427913
4767 291.422652
4768 291.417395
4769 291.412143
4770 291.406896
4771 291.401653
4772 291.396415
4773 291.391182
4774 291.385954
4775 291.380731
4776 291.375512
4777 291.370299
4778 291.365090
4779 291.359885
4780 291.354686
4781 291.349491
4782 291.344301
4783 291.339116
4784 291.333935
4785 291.328759
4786 291.323588
4787 291.318422
4788 291.313260
4789 291.308103
4790 291.302951
4791 291.297803
4792 291.292660
4793 291.287522
4794 291.282389
4795 291.277260
4796 291.272136
4797 291.267016
4798 291.261902
4799 291.256792
4800 291.251686
4801 291.246585
4802 291.241489
4803 291.236398
4804 291.231311
4805 291.226229
4806 291.221152
4807 291.216079
4808 291.211011
4809 291.205947
4810 291.200888
4811 291.195834
4812 291.190784
4813 291.185739
4814 291.180698
4815 291.175662
4816 291.170631
4817 291.165604
4818 291.160582
4819 291.155565
4820 291.150552
4821 291.145543
4822 291.140540
4823 291.135540
4824 291.130546
4825 291.125556
4826 291.120570
4827 291.115589
4828 291.110613
4829 291.105641
4830 291.100673
4831 291.095711
4832 291.090752
4833 291.085799
4834 291.080849
4835 291.075905
4836 291.070964
4837 291.066029
4838 291.061098
4839 291.056171
4840 291.051249
4841 291.046331
4842 291.041418
4843 291.036509
4844 291.031605
4845 291.026705
4846 291.021810
4847 291.016919
4848 291.012033
4849 291.007151
4850 291.002274
4851 290.997401
4852 290.992532
4853 290.987668
4854 290.982809
4855 290.977953
4856 290.973103
4857 290.968256
4858 290.963414
4859 290.958577
4860 290.953744
4861 290.948915
4862 290.944091
4863 290.939271
4864 290.934456
4865 290.929645
4866 290.924838
4867 290.920036
4868 290.915238
4869 290.910445
4870 290.905656
4871 290.900871
4872 290.896091
4873 290.891315
4874 290.886543
4875 290.881776
4876 290.877013
4877 290.872254
4878 290.867500
4879 290.862750
4880 290.858005
4881 290.853264
4882 290.848527
4883 290.843794
4884 290.839066
4885 290.834342
4886 290.829623
4887 290.824907
4888 290.820196
4889 290.815490
4890 290.810787
4891 290.806089
4892 290.801395
4893 290.796706
4894 290.792021
4895 290.787340
4896 290.782663
4897 290.777991
4898 290.773323
4899 290.768659
4900 290.763999
4901 290.759344
4902 290.754693
4903 290.750046
4904 290.745403
4905 290.740765
4906 290.736131
4907 290.731501
4908 290.726875
4909 290.722254
4910 290.717637
4911 290.713024
4912 290.708415
4913 290.703810
4914 290.699210
4915 290.694614
4916 290.690022
4917 290.685434
4918 290.680851
4919 290.676271
4920 290.671696
4921 290.667125
4922 290.662558
4923 290.657995
4924 290.653437
4925 290.648883
4926 290.644332
4927 290.639786
4928 290.635244
4929 290.630707
4930 290.626173
4931 290.621644
4932 290.617118
4933 290.612597
4934 290.608080
4935 290.603567
4936 290.599058
4937 290.594554
4938 290.590053
4939 290.585557
4940 290.581064
4941 290.576576
4942 290.572092
4943 290.567612
4944 290.563136
4945 290.558664
4946 290.554196
4947 290.549732
4948 290.545273
4949 290.540817
4950 290.536366
4951 290.531918
4952 290.527475
4953 290.523035
4954 290.518600
4955 290.514169
4956 290.509742
4957 290.505319
4958 290.500900
4959 290.496485
4960 290.492074
4961 290.487667
4962 290.483264
4963 290.478865
4964 290.474470
4965 290.470079
4966 290.465692
4967 290.461309
4968 290.456930
4969 290.452555
4970 290.448184
4971 290.443817
4972 290.439455
4973 290.435096
4974 290.430741
4975 290.426390
4976 290.422043
4977 290.417700
4978 290.413361
4979 290.409026
4980 290.404694
4981 290.400367
4982 290.396044
4983 290.391725
4984 290.387409
4985 290.383098
4986 290.378790
4987 290.374487
4988 290.370187
4989 290.365892
4990 290.361600
4991 290.357312
4992 290.353028
4993 290.348748
4994 290.344472
4995 290.340200
4996 290.335932
4997 290.331667
4998 290.327407
4999 290.323150
5000 290.318897
