1 888.241154
2 887.799651
3 887.355522
4 886.907695
5 886.455077
6 885.996544
7 885.530941
8 885.057077
9 884.573724
10 884.079609
11 883.573417
12 883.053786
13 882.519309
14 881.968528
15 881.399942
16 880.812002
17 880.203116
18 879.571652
19 878.915942
20 878.234289
21 877.524969
22 876.786241
23 876.016354
24 875.213554
25 874.376091
26 873.502233
27 872.590265
28 871.638506
29 870.645309
30 869.609071
31 868.528236
32 867.401301
33 866.226821
34 865.003407
35 863.729733
36 862.404534
37 861.026609
38 859.594822
39 858.108105
40 856.565461
41 854.965967
42 853.308782
43 851.593153
44 849.818425
45 847.984051
46 846.089604
47 844.134792
48 842.119473
49 840.043667
50 837.907571
51 835.711571
52 833.456257
53 831.142425
54 828.771087
55 826.343470
56 823.861014
57 821.325364
58 818.738361
59 816.102024
60 813.418533
61 810.690206
62 807.919476
63 805.108867
64 802.260965
65 799.378396
66 796.463799
67 793.519805
68 790.549012
69 787.553972
70 784.537171
71 781.501017
72 778.447829
73 775.379829
74 772.299135
75 769.207761
76 766.107608
77 763.000472
78 759.888041
79 756.771894
80 753.653512
81 750.534274
82 747.415465
83 744.298280
84 741.183829
85 738.073141
86 734.967168
87 731.866790
88 728.772822
89 725.686015
90 722.607062
91 719.536600
92 716.475217
93 713.423452
94 710.381801
95 707.350718
96 704.330619
97 701.321884
98 698.324860
99 695.339863
100 692.367180
101 689.407072
102 686.459774
103 683.525497
104 680.604430
105 677.696744
106 674.802589
107 671.922096
108 669.055383
109 666.202548
110 663.363679
111 660.538846
112 657.728110
113 654.931518
114 652.149106
115 649.380901
116 646.626919
117 643.887168
118 641.161647
119 638.450347
120 635.753254
121 633.070345
122 630.401591
123 627.746957
124 625.106406
125 622.479892
126 619.867368
127 617.268780
128 614.684072
129 612.113185
130 609.556056
131 607.012621
132 604.482811
133 601.966558
134 599.463790
135 596.974435
136 594.498417
137 592.035663
138 589.586095
139 587.149638
140 584.726213
141 582.315744
142 579.918153
143 577.533361
144 575.161291
145 572.801867
146 570.455010
147 568.120643
148 565.798692
149 563.489081
150 561.191734
151 558.906578
152 556.633539
153 554.372544
154 552.123524
155 549.886405
156 547.661120
157 545.447599
158 543.245774
159 541.055578
160 538.876946
161 536.709812
162 534.554112
163 532.409783
164 530.276762
165 528.154988
166 526.044400
167 523.944939
168 521.856545
169 519.779160
170 517.712727
171 515.657188
172 513.612487
173 511.578569
174 509.555378
175 507.542861
176 505.540963
177 503.549630
178 501.568811
179 499.598451
180 497.638500
181 495.688906
182 493.749617
183 491.820582
184 489.901751
185 487.993073
186 486.094498
187 484.205978
188 482.327461
189 480.458899
190 478.600243
191 476.751444
192 474.912454
193 473.083223
194 471.263704
195 469.453849
196 467.653610
197 465.862939
198 464.081788
199 462.310110
200 460.547857
201 458.794984
202 457.051442
203 455.317184
204 453.592165
205 451.876336
206 450.169653
207 448.472068
208 446.783535
209 445.104008
210 443.433441
211 441.771789
212 440.119005
213 438.475044
214 436.839860
215 435.213409
216 433.595644
217 431.986522
218 430.385996
219 428.794022
220 427.210556
221 425.635553
222 424.068968
223 422.510757
224 420.960877
225 419.419282
226 417.885930
227 416.360777
228 414.843778
229 413.334891
230 411.834072
231 410.341279
232 408.856467
233 407.379595
234 405.910619
235 404.449498
236 402.996188
237 401.550648
238 400.112835
239 398.682707
240 397.260223
241 395.845341
242 394.438019
243 393.038216
244 391.645891
245 390.261003
246 388.883511
247 387.513374
248 386.150552
249 384.795004
250 383.446690
251 382.105569
252 380.771603
253 379.444750
254 378.124972
255 376.812228
256 375.506480
257 374.207688
258 372.915813
259 371.630816
260 370.352659
261 369.081303
262 367.816709
263 366.558839
264 365.307656
265 364.063120
266 362.825194
267 361.593841
268 360.369023
269 359.150702
270 357.938842
271 356.733405
272 355.534355
273 354.341653
274 353.155265
275 351.975154
276 350.801282
277 349.633614
278 348.472115
279 347.316747
280 346.167476
281 345.024266
282 343.887080
283 342.755885
284 341.630645
285 340.511325
286 339.397890
287 338.290305
288 337.188536
289 336.092549
290 335.002309
291 333.917782
292 332.838935
293 331.765732
294 330.698142
295 329.636130
296 328.579662
297 327.528706
298 326.483229
299 325.443197
300 324.408578
301 323.379339
302 322.355448
303 321.336872
304 320.323579
305 319.315537
306 318.312714
307 317.315078
308 316.322597
309 315.335240
310 314.352976
311 313.375773
312 312.403600
313 311.436426
314 310.474220
315 309.516952
316 308.564591
317 307.617106
318 306.674468
319 305.736645
320 304.803609
321 303.875328
322 302.951773
323 302.032915
324 301.118724
325 300.209171
326 299.304226
327 298.403859
328 297.508043
329 296.616749
330 295.729946
331 294.847607
332 293.969704
333 293.096207
334 292.227088
335 291.362320
336 290.501874
337 289.645723
338 288.793838
339 287.946192
340 287.102756
341 286.263505
342 285.428410
343 284.597444
344 283.770580
345 282.947791
346 282.129050
347 281.314330
348 280.503605
349 279.696847
350 278.894032
351 278.095131
352 277.300119
353 276.508970
354 275.721657
355 274.938155
356 274.158438
357 273.382480
358 272.610255
359 271.841738
360 271.076904
361 270.315726
362 269.558180
363 268.804241
364 268.053883
365 267.307082
366 266.563812
367 265.824049
368 265.087768
369 264.354945
370 263.625554
371 262.899572
372 262.176975
373 261.457737
374 260.741835
375 260.029245
376 259.319942
377 258.613903
378 257.911104
379 257.211521
380 256.515131
381 255.821910
382 255.131834
383 254.444880
384 253.761025
385 253.080246
386 252.402519
387 251.727822
388 251.056131
389 250.387424
390 249.721677
391 249.058869
392 248.398976
393 247.741976
394 247.087847
395 246.436566
396 245.788111
397 245.142460
398 244.499590
399 243.859481
400 243.222109
401 242.587454
402 241.955494
403 241.326206
404 240.699571
405 240.075566
406 239.454170
407 238.835362
408 238.219122
409 237.605428
410 236.994260
411 236.385597
412 235.779418
413 235.175704
414 234.574435
415 233.975589
416 233.379148
417 232.785092
418 232.193402
419 231.604057
420 231.017038
421 230.432328
422 229.849906
423 229.269754
424 228.691854
425 228.116188
426 227.542737
427 226.971483
428 226.402410
429 225.835499
430 225.270733
431 224.708095
432 224.147569
433 223.589138
434 223.032786
435 222.478497
436 221.926255
437 221.376044
438 220.827850
439 220.281658
440 219.737452
441 219.195218
442 218.654943
443 218.116612
444 217.580213
445 217.045730
446 216.513153
447 215.982468
448 215.453662
449 214.926725
450 214.401643
451 213.878406
452 213.357002
453 212.837421
454 212.319652
455 211.803685
456 211.289510
457 210.777117
458 210.266497
459 209.757641
460 209.250541
461 208.745187
462 208.241571
463 207.739687
464 207.239525
465 206.741079
466 206.244342
467 205.749306
468 205.255966
469 204.764314
470 204.274345
471 203.786052
472 203.299430
473 202.814474
474 202.331177
475 201.849536
476 201.369545
477 200.891199
478 200.414493
479 199.939423
480 199.465986
481 198.994175
482 198.523988
483 198.055421
484 197.588469
485 197.123129
486 196.659397
487 196.197269
488 195.736742
489 195.277813
490 194.820477
491 194.364731
492 193.910573
493 193.457998
494 193.007003
495 192.557585
496 192.109740
497 191.663465
498 191.218757
499 190.775612
500 190.334027
501 189.893998
502 189.455522
503 189.018595
504 188.583214
505 188.149374
506 187.717073
507 187.286307
508 186.857071
509 186.429361
510 186.003175
511 185.578507
512 185.155354
513 184.733712
514 184.313576
515 183.894942
516 183.477805
517 183.062162
518 182.648008
519 182.235337
520 181.824146
521 181.414430
522 181.006183
523 180.599402
524 180.194080
525 179.790213
526 179.387796
527 178.986824
528 178.587290
529 178.189191
530 177.792521
531 177.397273
532 177.003443
533 176.611026
534 176.220014
535 175.830403
536 175.442188
537 175.055361
538 174.669917
539 174.285851
540 173.903156
541 173.521827
542 173.141857
543 172.763240
544 172.385970
545 172.010041
546 171.635446
547 171.262180
548 170.890236
549 170.519608
550 170.150290
551 169.782274
552 169.415555
553 169.050127
554 168.685982
555 168.323115
556 167.961519
557 167.601187
558 167.242113
559 166.884290
560 166.527712
561 166.172373
562 165.818265
563 165.465383
564 165.113719
565 164.763268
566 164.414022
567 164.065975
568 163.719120
569 163.373451
570 163.028962
571 162.685645
572 162.343494
573 162.002503
574 161.662665
575 161.323974
576 160.986422
577 160.650004
578 160.314714
579 159.980543
580 159.647487
581 159.315538
582 158.984690
583 158.654937
584 158.326272
585 157.998688
586 157.672180
587 157.346742
588 157.022366
589 156.699046
590 156.376776
591 156.055550
592 155.735361
593 155.416203
594 155.098071
595 154.780957
596 154.464855
597 154.149760
598 153.835664
599 153.522563
600 153.210449
601 152.899318
602 152.589162
603 152.279975
604 151.971752
605 151.664486
606 151.358173
607 151.052804
608 150.748375
609 150.444880
610 150.142313
611 149.840668
612 149.539939
613 149.240120
614 148.941205
615 148.643189
616 148.346066
617 148.049830
618 147.754475
619 147.459996
620 147.166387
621 146.873643
622 146.581757
623 146.290724
624 146.000539
625 145.711195
626 145.422688
627 145.135012
628 144.848161
629 144.562130
630 144.276913
631 143.992505
632 143.708901
633 143.426095
634 143.144081
635 142.862855
636 142.582410
637 142.302743
638 142.023846
639 141.745715
640 141.468345
641 141.191731
642 140.915866
643 140.640746
644 140.366366
645 140.092721
646 139.819804
647 139.547612
648 139.276138
649 139.005379
650 138.735328
651 138.465980
652 138.197331
653 137.929374
654 137.662106
655 137.395522
656 137.129615
657 136.864381
658 136.599814
659 136.335911
660 136.072665
661 135.810073
662 135.548128
663 135.286825
664 135.026161
665 134.766129
666 134.506724
667 134.247943
668 133.989779
669 133.732229
670 133.475286
671 133.218945
672 132.963203
673 132.708054
674 132.453493
675 132.199514
676 131.946114
677 131.693287
678 131.441028
679 131.189332
680 130.938195
681 130.687610
682 130.437575
683 130.188082
684 129.939128
685 129.690708
686 129.442816
687 129.195447
688 128.948598
689 128.702261
690 128.456434
691 128.211110
692 127.966285
693 127.721953
694 127.478110
695 127.234751
696 126.991871
697 126.749464
698 126.507526
699 126.266052
700 126.025036
701 125.784475
702 125.544361
703 125.304691
704 125.065460
705 124.826662
706 124.588293
707 124.350347
708 124.112819
709 123.875705
710 123.638999
711 123.402696
712 123.166791
713 122.931279
714 122.696155
715 122.461414
716 122.227051
717 121.993060
718 121.759438
719 121.526178
720 121.293276
721 121.060726
722 120.828524
723 120.596665
724 120.365143
725 120.133955
726 119.903093
727 119.672555
728 119.442335
729 119.212428
730 118.982829
731 118.753533
732 118.524536
733 118.295833
734 118.067420
735 117.839290
736 117.611441
737 117.383868
738 117.156565
739 116.929529
740 116.702755
741 116.476238
742 116.249976
743 116.023963
744 115.798196
745 115.572670
746 115.347381
747 115.122327
748 114.897502
749 114.672904
750 114.448530
751 114.224375
752 114.000437
753 113.776712
754 113.553198
755 113.329891
756 113.106790
757 112.883891
758 112.661193
759 112.438692
760 112.216388
761 111.994277
762 111.772359
763 111.550632
764 111.329095
765 111.107746
766 110.886584
767 110.665610
768 110.444821
769 110.224219
770 110.003803
771 109.783572
772 109.563527
773 109.343670
774 109.123999
775 108.904518
776 108.685225
777 108.466124
778 108.247215
779 108.028500
780 107.809982
781 107.591662
782 107.373543
783 107.155628
784 106.937919
785 106.720420
786 106.503134
787 106.286064
788 106.069214
789 105.852588
790 105.636190
791 105.420023
792 105.204093
793 104.988404
794 104.772960
795 104.557767
796 104.342828
797 104.128150
798 103.913738
799 103.699596
800 103.485730
801 103.272145
802 103.058848
803 102.845843
804 102.633137
805 102.420735
806 102.208643
807 101.996867
808 101.785413
809 101.574286
810 101.363493
811 101.153038
812 100.942930
813 100.733172
814 100.523771
815 100.314732
816 100.106063
817 99.897767
818 99.689851
819 99.482320
820 99.275181
821 99.068438
822 98.862096
823 98.656162
824 98.450640
825 98.245535
826 98.040852
827 97.836596
828 97.632772
829 97.429385
830 97.226439
831 97.023938
832 96.821887
833 96.620290
834 96.419151
835 96.218474
836 96.018262
837 95.818520
838 95.619250
839 95.420457
840 95.222143
841 95.024312
842 94.826966
843 94.630109
844 94.433743
845 94.237870
846 94.042494
847 93.847616
848 93.653239
849 93.459365
850 93.265996
851 93.073133
852 92.880779
853 92.688935
854 92.497602
855 92.306782
856 92.116476
857 91.926685
858 91.737411
859 91.548654
860 91.360415
861 91.172695
862 90.985495
863 90.798815
864 90.612655
865 90.427016
866 90.241899
867 90.057303
868 89.873228
869 89.689675
870 89.506644
871 89.324134
872 89.142146
873 88.960679
874 88.779732
875 88.599306
876 88.419400
877 88.240013
878 88.061146
879 87.882796
880 87.704964
881 87.527650
882 87.350851
883 87.174568
884 86.998799
885 86.823544
886 86.648802
887 86.474571
888 86.300851
889 86.127641
890 85.954939
891 85.782745
892 85.611057
893 85.439874
894 85.269195
895 85.099018
896 84.929343
897 84.760168
898 84.591492
899 84.423313
900 84.255631
901 84.088443
902 83.921748
903 83.755545
904 83.589833
905 83.424610
906 83.259874
907 83.095625
908 82.931860
909 82.768578
910 82.605778
911 82.443458
912 82.281617
913 82.120252
914 81.959363
915 81.798949
916 81.639006
917 81.479535
918 81.320533
919 81.161998
920 81.003930
921 80.846326
922 80.689186
923 80.532507
924 80.376288
925 80.220527
926 80.065222
927 79.910373
928 79.755978
929 79.602034
930 79.448541
931 79.295497
932 79.142900
933 78.990748
934 78.839041
935 78.687776
936 78.536952
937 78.386568
938 78.236621
939 78.087111
940 77.938035
941 77.789392
942 77.641181
943 77.493400
944 77.346048
945 77.199122
946 77.052622
947 76.906546
948 76.760893
949 76.615660
950 76.470846
951 76.326451
952 76.182472
953 76.038907
954 75.895756
955 75.753017
956 75.610689
957 75.468769
958 75.327257
959 75.186150
960 75.045449
961 74.905150
962 74.765254
963 74.625757
964 74.486659
965 74.347959
966 74.209655
967 74.071745
968 73.934228
969 73.797103
970 73.660369
971 73.524024
972 73.388066
973 73.252494
974 73.117308
975 72.982505
976 72.848084
977 72.714044
978 72.580383
979 72.447101
980 72.314195
981 72.181665
982 72.049509
983 71.917726
984 71.786315
985 71.655274
986 71.524602
987 71.394298
988 71.264360
989 71.134788
990 71.005579
991 70.876733
992 70.748249
993 70.620125
994 70.492360
995 70.364952
996 70.237901
997 70.111205
998 69.984864
999 69.858875
1000 69.733238
1001 69.607952
1002 69.483014
1003 69.358425
1004 69.234183
1005 69.110287
1006 68.986735
1007 68.863527
1008 68.740661
1009 68.618136
1010 68.495951
1011 68.374105
1012 68.252597
1013 68.131425
1014 68.010589
1015 67.890087
1016 67.769918
1017 67.650082
1018 67.530577
1019 67.411401
1020 67.292555
1021 67.174036
1022 67.055844
1023 66.937978
1024 66.820436
1025 66.703218
1026 66.586322
1027 66.469748
1028 66.353494
1029 66.237559
1030 66.121942
1031 66.006643
1032 65.891660
1033 65.776992
1034 65.662638
1035 65.548597
1036 65.434869
1037 65.321451
1038 65.208344
1039 65.095546
1040 64.983055
1041 64.870872
1042 64.758995
1043 64.647423
1044 64.536156
1045 64.425191
1046 64.314529
1047 64.204168
1048 64.094107
1049 63.984345
1050 63.874882
1051 63.765716
1052 63.656847
1053 63.548273
1054 63.439994
1055 63.332008
1056 63.224315
1057 63.116914
1058 63.009804
1059 62.902983
1060 62.796452
1061 62.690208
1062 62.584252
1063 62.478582
1064 62.373197
1065 62.268097
1066 62.163280
1067 62.058746
1068 61.954494
1069 61.850522
1070 61.746831
1071 61.643418
1072 61.540284
1073 61.437427
1074 61.334846
1075 61.232541
1076 61.130511
1077 61.028754
1078 60.927271
1079 60.826059
1080 60.725119
1081 60.624449
1082 60.524049
1083 60.423917
1084 60.324054
1085 60.224457
1086 60.125126
1087 60.026061
1088 59.927260
1089 59.828722
1090 59.730448
1091 59.632435
1092 59.534684
1093 59.437193
1094 59.339961
1095 59.242988
1096 59.146273
1097 59.049815
1098 58.953613
1099 58.857666
1100 58.761975
1101 58.666537
1102 58.571352
1103 58.476419
1104 58.381737
1105 58.287306
1106 58.193125
1107 58.099193
1108 58.005510
1109 57.912073
1110 57.818884
1111 57.725940
1112 57.633241
1113 57.540787
1114 57.448576
1115 57.356608
1116 57.264882
1117 57.173398
1118 57.082153
1119 56.991149
1120 56.900383
1121 56.809856
1122 56.719566
1123 56.629512
1124 56.539695
1125 56.450113
1126 56.360765
1127 56.271651
1128 56.182770
1129 56.094121
1130 56.005703
1131 55.917516
1132 55.829560
1133 55.741832
1134 55.654333
1135 55.567062
1136 55.480018
1137 55.393200
1138 55.306607
1139 55.220240
1140 55.134097
1141 55.048177
1142 54.962480
1143 54.877005
1144 54.791751
1145 54.706718
1146 54.621905
1147 54.537311
1148 54.452936
1149 54.368778
1150 54.284838
1151 54.201114
1152 54.117605
1153 54.034312
1154 53.951233
1155 53.868367
1156 53.785715
1157 53.703275
1158 53.621046
1159 53.539028
1160 53.457221
1161 53.375623
1162 53.294234
1163 53.213053
1164 53.132080
1165 53.051313
1166 52.970753
1167 52.890399
1168 52.810249
1169 52.730304
1170 52.650562
1171 52.571023
1172 52.491686
1173 52.412551
1174 52.333617
1175 52.254883
1176 52.176349
1177 52.098014
1178 52.019877
1179 51.941938
1180 51.864196
1181 51.786651
1182 51.709302
1183 51.632147
1184 51.555188
1185 51.478422
1186 51.401850
1187 51.325470
1188 51.249283
1189 51.173287
1190 51.097482
1191 51.021867
1192 50.946442
1193 50.871205
1194 50.796158
1195 50.721298
1196 50.646625
1197 50.572139
1198 50.497839
1199 50.423724
1200 50.349794
1201 50.276049
1202 50.202487
1203 50.129108
1204 50.055911
1205 49.982896
1206 49.910063
1207 49.837410
1208 49.764938
1209 49.692645
1210 49.620531
1211 49.548595
1212 49.476837
1213 49.405257
1214 49.333853
1215 49.262625
1216 49.191573
1217 49.120696
1218 49.049993
1219 48.979464
1220 48.909108
1221 48.838925
1222 48.768915
1223 48.699076
1224 48.629408
1225 48.559910
1226 48.490583
1227 48.421425
1228 48.352436
1229 48.283615
1230 48.214962
1231 48.146477
1232 48.078158
1233 48.010006
1234 47.942019
1235 47.874197
1236 47.806540
1237 47.739047
1238 47.671718
1239 47.604552
1240 47.537548
1241 47.470706
1242 47.404026
1243 47.337507
1244 47.271149
1245 47.204950
1246 47.138911
1247 47.073031
1248 47.007309
1249 46.941745
1250 46.876339
1251 46.811090
1252 46.745997
1253 46.681060
1254 46.616278
1255 46.551652
1256 46.487180
1257 46.422862
1258 46.358697
1259 46.294685
1260 46.230826
1261 46.167119
1262 46.103564
1263 46.040160
1264 45.976906
1265 45.913802
1266 45.850848
1267 45.788044
1268 45.725387
1269 45.662880
1270 45.600520
1271 45.538307
1272 45.476241
1273 45.414321
1274 45.352548
1275 45.290920
1276 45.229436
1277 45.168098
1278 45.106903
1279 45.045852
1280 44.984945
1281 44.924180
1282 44.863557
1283 44.803076
1284 44.742737
1285 44.682538
1286 44.622480
1287 44.562562
1288 44.502784
1289 44.443144
1290 44.383644
1291 44.324282
1292 44.265058
1293 44.205971
1294 44.147021
1295 44.088208
1296 44.029531
1297 43.970990
1298 43.912584
1299 43.854313
1300 43.796176
1301 43.738173
1302 43.680305
1303 43.622569
1304 43.564966
1305 43.507495
1306 43.450157
1307 43.392950
1308 43.335874
1309 43.278929
1310 43.222114
1311 43.165430
1312 43.108874
1313 43.052448
1314 42.996151
1315 42.939982
1316 42.883941
1317 42.828027
1318 42.772241
1319 42.716581
1320 42.661048
1321 42.605640
1322 42.550359
1323 42.495202
1324 42.440170
1325 42.385263
1326 42.330480
1327 42.275820
1328 42.221283
1329 42.166870
1330 42.112579
1331 42.058410
1332 42.004363
1333 41.950437
1334 41.896632
1335 41.842948
1336 41.789384
1337 41.735940
1338 41.682616
1339 41.629411
1340 41.576324
1341 41.523356
1342 41.470506
1343 41.417774
1344 41.365159
1345 41.312661
1346 41.260280
1347 41.208015
1348 41.155866
1349 41.103832
1350 41.051914
1351 41.000110
1352 40.948421
1353 40.896846
1354 40.845385
1355 40.794038
1356 40.742803
1357 40.691682
1358 40.640672
1359 40.589775
1360 40.538990
1361 40.488316
1362 40.437753
1363 40.387300
1364 40.336959
1365 40.286727
1366 40.236605
1367 40.186592
1368 40.136688
1369 40.086894
1370 40.037207
1371 39.987629
1372 39.938158
1373 39.888795
1374 39.839539
1375 39.790389
1376 39.741346
1377 39.692410
1378 39.643579
1379 39.594853
1380 39.546233
1381 39.497717
1382 39.449306
1383 39.400999
1384 39.352797
1385 39.304697
1386 39.256701
1387 39.208809
1388 39.161018
1389 39.113330
1390 39.065744
1391 39.018260
1392 38.970878
1393 38.923596
1394 38.876415
1395 38.829335
1396 38.782355
1397 38.735475
1398 38.688695
1399 38.642013
1400 38.595431
1401 38.548948
1402 38.502563
1403 38.456277
1404 38.410088
1405 38.363996
1406 38.318002
1407 38.272105
1408 38.226305
1409 38.180601
1410 38.134993
1411 38.089481
1412 38.044065
1413 37.998744
1414 37.953518
1415 37.908386
1416 37.863349
1417 37.818407
1418 37.773558
1419 37.728802
1420 37.684140
1421 37.639571
1422 37.595095
1423 37.550711
1424 37.506419
1425 37.462220
1426 37.418112
1427 37.374095
1428 37.330170
1429 37.286335
1430 37.242591
1431 37.198938
1432 37.155374
1433 37.111900
1434 37.068516
1435 37.025221
1436 36.982015
1437 36.938898
1438 36.895869
1439 36.852929
1440 36.810076
1441 36.767312
1442 36.724634
1443 36.682044
1444 36.639541
1445 36.597124
1446 36.554794
1447 36.512551
1448 36.470393
1449 36.428320
1450 36.386333
1451 36.344432
1452 36.302615
1453 36.260883
1454 36.219236
1455 36.177672
1456 36.136193
1457 36.094797
1458 36.053485
1459 36.012256
1460 35.971110
1461 35.930046
1462 35.889066
1463 35.848167
1464 35.807351
1465 35.766616
1466 35.725963
1467 35.685391
1468 35.644900
1469 35.604490
1470 35.564161
1471 35.523912
1472 35.483743
1473 35.443654
1474 35.403645
1475 35.363715
1476 35.323865
1477 35.284093
1478 35.244400
1479 35.204786
1480 35.165250
1481 35.125792
1482 35.086413
1483 35.047110
1484 35.007885
1485 34.968738
1486 34.929667
1487 34.890673
1488 34.851756
1489 34.812915
1490 34.774150
1491 34.735461
1492 34.696848
1493 34.658310
1494 34.619847
1495 34.581460
1496 34.543147
1497 34.504909
1498 34.466745
1499 34.428655
1500 34.390640
1501 34.352698
1502 34.314829
1503 34.277034
1504 34.239312
1505 34.201663
1506 34.164087
1507 34.126584
1508 34.089152
1509 34.051793
1510 34.014505
1511 33.977290
1512 33.940145
1513 33.903072
1514 33.866071
1515 33.829140
1516 33.792279
1517 33.755490
1518 33.718770
1519 33.682121
1520 33.645541
1521 33.609031
1522 33.572591
1523 33.536220
1524 33.499918
1525 33.463685
1526 33.427521
1527 33.391425
1528 33.355398
1529 33.319439
1530 33.283548
1531 33.247724
1532 33.211968
1533 33.176280
1534 33.140659
1535 33.105105
1536 33.069617
1537 33.034196
1538 32.998842
1539 32.963554
1540 32.928332
1541 32.893176
1542 32.858086
1543 32.823061
1544 32.788102
1545 32.753208
1546 32.718379
1547 32.683614
1548 32.648915
1549 32.614279
1550 32.579708
1551 32.545201
1552 32.510759
1553 32.476379
1554 32.442064
1555 32.407812
1556 32.373623
1557 32.339497
1558 32.305434
1559 32.271433
1560 32.237496
1561 32.203620
1562 32.169807
1563 32.136056
1564 32.102366
1565 32.068739
1566 32.035173
1567 32.001668
1568 31.968224
1569 31.934842
1570 31.901520
1571 31.868259
1572 31.835058
1573 31.801918
1574 31.768838
1575 31.735818
1576 31.702858
1577 31.669958
1578 31.637117
1579 31.604335
1580 31.571613
1581 31.538950
1582 31.506345
1583 31.473799
1584 31.441312
1585 31.408884
1586 31.376513
1587 31.344201
1588 31.311947
1589 31.279750
1590 31.247611
1591 31.215530
1592 31.183505
1593 31.151538
1594 31.119628
1595 31.087775
1596 31.055979
1597 31.024239
1598 30.992556
1599 30.960928
1600 30.929357
1601 30.897842
1602 30.866383
1603 30.834979
1604 30.803631
1605 30.772338
1606 30.741100
1607 30.709918
1608 30.678790
1609 30.647717
1610 30.616699
1611 30.585735
1612 30.554826
1613 30.523970
1614 30.493169
1615 30.462422
1616 30.431728
1617 30.401088
1618 30.370501
1619 30.339968
1620 30.309488
1621 30.279061
1622 30.248687
1623 30.218366
1624 30.188097
1625 30.157881
1626 30.127717
1627 30.097606
1628 30.067546
1629 30.037539
1630 30.007583
1631 29.977679
1632 29.947826
1633 29.918025
1634 29.888275
1635 29.858577
1636 29.828929
1637 29.799332
1638 29.769786
1639 29.740290
1640 29.710845
1641 29.681450
1642 29.652106
1643 29.622811
1644 29.593567
1645 29.564372
1646 29.535227
1647 29.506132
1648 29.477086
1649 29.448089
1650 29.419141
1651 29.390243
1652 29.361393
1653 29.332592
1654 29.303840
1655 29.275136
1656 29.246481
1657 29.217874
1658 29.189316
1659 29.160805
1660 29.132342
1661 29.103927
1662 29.075560
1663 29.047240
1664 29.018968
1665 28.990743
1666 28.962565
1667 28.934434
1668 28.906350
1669 28.878313
1670 28.850323
1671 28.822379
1672 28.794482
1673 28.766631
1674 28.738826
1675 28.711068
1676 28.683355
1677 28.655689
1678 28.628068
1679 28.600493
1680 28.572963
1681 28.545479
1682 28.518040
1683 28.490646
1684 28.463297
1685 28.435993
1686 28.408734
1687 28.381520
1688 28.354351
1689 28.327226
1690 28.300145
1691 28.273109
1692 28.246117
1693 28.219169
1694 28.192264
1695 28.165404
1696 28.138588
1697 28.111815
1698 28.085085
1699 28.058399
1700 28.031757
1701 28.005157
1702 27.978601
1703 27.952087
1704 27.925617
1705 27.899189
1706 27.872804
1707 27.846461
1708 27.820161
1709 27.793903
1710 27.767688
1711 27.741515
1712 27.715383
1713 27.689294
1714 27.663246
1715 27.637240
1716 27.611276
1717 27.585353
1718 27.559472
1719 27.533632
1720 27.507833
1721 27.482076
1722 27.456359
1723 27.430683
1724 27.405048
1725 27.379454
1726 27.353901
1727 27.328388
1728 27.302915
1729 27.277483
1730 27.252090
1731 27.226738
1732 27.201426
1733 27.176154
1734 27.150922
1735 27.125730
1736 27.100577
1737 27.075464
1738 27.050390
1739 27.025355
1740 27.000360
1741 26.975404
1742 26.950487
1743 26.925609
1744 26.900770
1745 26.875969
1746 26.851208
1747 26.826485
1748 26.801800
1749 26.777154
1750 26.752546
1751 26.727977
1752 26.703445
1753 26.678952
1754 26.654497
1755 26.630079
1756 26.605699
1757 26.581357
1758 26.557053
1759 26.532786
1760 26.508557
1761 26.484365
1762 26.460210
1763 26.436092
1764 26.412011
1765 26.387968
1766 26.363961
1767 26.339991
1768 26.316058
1769 26.292161
1770 26.268301
1771 26.244478
1772 26.220690
1773 26.196940
1774 26.173225
1775 26.149546
1776 26.125904
1777 26.102298
1778 26.078727
1779 26.055192
1780 26.031693
1781 26.008230
1782 25.984802
1783 25.961409
1784 25.938052
1785 25.914730
1786 25.891444
1787 25.868192
1788 25.844976
1789 25.821795
1790 25.798648
1791 25.775537
1792 25.752460
1793 25.729417
1794 25.706410
1795 25.683436
1796 25.660498
1797 25.637593
1798 25.614723
1799 25.591887
1800 25.569085
1801 25.546317
1802 25.523584
1803 25.500884
1804 25.478217
1805 25.455585
1806 25.432986
1807 25.410421
1808 25.387889
1809 25.365391
1810 25.342926
1811 25.320494
1812 25.298095
1813 25.275730
1814 25.253397
1815 25.231098
1816 25.208831
1817 25.186598
1818 25.164397
1819 25.142229
1820 25.120093
1821 25.097990
1822 25.075919
1823 25.053881
1824 25.031875
1825 25.009901
1826 24.987959
1827 24.966050
1828 24.944172
1829 24.922327
1830 24.900513
1831 24.878732
1832 24.856981
1833 24.835263
1834 24.813576
1835 24.791921
1836 24.770297
1837 24.748705
1838 24.727144
1839 24.705614
1840 24.684116
1841 24.662648
1842 24.641212
1843 24.619806
1844 24.598432
1845 24.577088
1846 24.555775
1847 24.534493
1848 24.513242
1849 24.492021
1850 24.470830
1851 24.449671
1852 24.428541
1853 24.407442
1854 24.386373
1855 24.365334
1856 24.344325
1857 24.323347
1858 24.302398
1859 24.281480
1860 24.260591
1861 24.239732
1862 24.218903
1863 24.198103
1864 24.177333
1865 24.156593
1866 24.135882
1867 24.115201
1868 24.094549
1869 24.073926
1870 24.053332
1871 24.032768
1872 24.012233
1873 23.991727
1874 23.971250
1875 23.950801
1876 23.930382
1877 23.909991
1878 23.889630
1879 23.869296
1880 23.848992
1881 23.828716
1882 23.808469
1883 23.788250
1884 23.768059
1885 23.747897
1886 23.727763
1887 23.707657
1888 23.687580
1889 23.667530
1890 23.647509
1891 23.627515
1892 23.607550
1893 23.587612
1894 23.567702
1895 23.547820
1896 23.527966
1897 23.508139
1898 23.488340
1899 23.468568
1900 23.448824
1901 23.429107
1902 23.409418
1903 23.389756
1904 23.370121
1905 23.350513
1906 23.330933
1907 23.311379
1908 23.291853
1909 23.272353
1910 23.252881
1911 23.233435
1912 23.214016
1913 23.194624
1914 23.175258
1915 23.155919
1916 23.136607
1917 23.117321
1918 23.098062
1919 23.078829
1920 23.059623
1921 23.040443
1922 23.021289
1923 23.002162
1924 22.983060
1925 22.963985
1926 22.944936
1927 22.925912
1928 22.906915
1929 22.887944
1930 22.868998
1931 22.850078
1932 22.831184
1933 22.812316
1934 22.793474
1935 22.774657
1936 22.755865
1937 22.737099
1938 22.718359
1939 22.699644
1940 22.680954
1941 22.662289
1942 22.643650
1943 22.625036
1944 22.606447
1945 22.587884
1946 22.569345
1947 22.550831
1948 22.532343
1949 22.513879
1950 22.495440
1951 22.477026
1952 22.458636
1953 22.440272
1954 22.421932
1955 22.403616
1956 22.385325
1957 22.367059
1958 22.348817
1959 22.330600
1960 22.312407
1961 22.294239
1962 22.276094
1963 22.257974
1964 22.239878
1965 22.221807
1966 22.203759
1967 22.185735
1968 22.167736
1969 22.149760
1970 22.131809
1971 22.113881
1972 22.095977
1973 22.078097
1974 22.060241
1975 22.042408
1976 22.024599
1977 22.006813
1978 21.989052
1979 21.971313
1980 21.953599
1981 21.935907
1982 21.918239
1983 21.900594
1984 21.882973
1985 21.865375
1986 21.847800
1987 21.830249
1988 21.812720
1989 21.795215
1990 21.777732
1991 21.760273
1992 21.742836
1993 21.725423
1994 21.708032
1995 21.690664
1996 21.673319
1997 21.655997
1998 21.638697
1999 21.621421
2000 21.604166
2001 21.586935
2002 21.569725
2003 21.552539
2004 21.535375
2005 21.518233
2006 21.501114
2007 21.484017
2008 21.466942
2009 21.449889
2010 21.432859
2011 21.415851
2012 21.398865
2013 21.381901
2014 21.364960
2015 21.348040
2016 21.331142
2017 21.314266
2018 21.297412
2019 21.280580
2020 21.263770
2021 21.246981
2022 21.230215
2023 21.213470
2024 21.196746
2025 21.180045
2026 21.163365
2027 21.146706
2028 21.130069
2029 21.113453
2030 21.096859
2031 21.080286
2032 21.063735
2033 21.047205
2034 21.030696
2035 21.014209
2036 20.997742
2037 20.981297
2038 20.964873
2039 20.948470
2040 20.932088
2041 20.915728
2042 20.899388
2043 20.883069
2044 20.866771
2045 20.850494
2046 20.834238
2047 20.818002
2048 20.801788
2049 20.785594
2050 20.769421
2051 20.753268
2052 20.737136
2053 20.721025
2054 20.704934
2055 20.688864
2056 20.672814
2057 20.656785
2058 20.640776
2059 20.624787
2060 20.608819
2061 20.592871
2062 20.576944
2063 20.561036
2064 20.545149
2065 20.529282
2066 20.513436
2067 20.497609
2068 20.481802
2069 20.466016
2070 20.450249
2071 20.434502
2072 20.418776
2073 20.403069
2074 20.387382
2075 20.371715
2076 20.356068
2077 20.340440
2078 20.324832
2079 20.309244
2080 20.293676
2081 20.278127
2082 20.262598
2083 20.247088
2084 20.231598
2085 20.216128
2086 20.200677
2087 20.185245
2088 20.169833
2089 20.154440
2090 20.139066
2091 20.123712
2092 20.108377
2093 20.093061
2094 20.077765
2095 20.062488
2096 20.047230
2097 20.031991
2098 20.016771
2099 20.001570
2100 19.986388
2101 19.971225
2102 19.956081
2103 19.940956
2104 19.925850
2105 19.910763
2106 19.895695
2107 19.880645
2108 19.865614
2109 19.850602
2110 19.835609
2111 19.820634
2112 19.805678
2113 19.790741
2114 19.775822
2115 19.760922
2116 19.746041
2117 19.731177
2118 19.716333
2119 19.701507
2120 19.686699
2121 19.671909
2122 19.657138
2123 19.642386
2124 19.627651
2125 19.612935
2126 19.598237
2127 19.583558
2128 19.568896
2129 19.554253
2130 19.539627
2131 19.525020
2132 19.510431
2133 19.495860
2134 19.481307
2135 19.466772
2136 19.452255
2137 19.437756
2138 19.423274
2139 19.408811
2140 19.394365
2141 19.379938
2142 19.365528
2143 19.351135
2144 19.336761
2145 19.322404
2146 19.308065
2147 19.293743
2148 19.279439
2149 19.265153
2150 19.250884
2151 19.236633
2152 19.222399
2153 19.208183
2154 19.193984
2155 19.179803
2156 19.165639
2157 19.151492
2158 19.137363
2159 19.123251
2160 19.109156
2161 19.095079
2162 19.081019
2163 19.066976
2164 19.052950
2165 19.038941
2166 19.024950
2167 19.010975
2168 18.997018
2169 18.983077
2170 18.969154
2171 18.955248
2172 18.941358
2173 18.927486
2174 18.913630
2175 18.899792
2176 18.885970
2177 18.872165
2178 18.858377
2179 18.844606
2180 18.830851
2181 18.817113
2182 18.803392
2183 18.789688
2184 18.776000
2185 18.762329
2186 18.748674
2187 18.735036
2188 18.721415
2189 18.707810
2190 18.694222
2191 18.680650
2192 18.667094
2193 18.653555
2194 18.640032
2195 18.626526
2196 18.613036
2197 18.599563
2198 18.586105
2199 18.572664
2200 18.559240
2201 18.545831
2202 18.532439
2203 18.519063
2204 18.505703
2205 18.492359
2206 18.479031
2207 18.465720
2208 18.452424
2209 18.439145
2210 18.425881
2211 18.412633
2212 18.399402
2213 18.386186
2214 18.372986
2215 18.359803
2216 18.346635
2217 18.333483
2218 18.320346
2219 18.307226
2220 18.294121
2221 18.281032
2222 18.267959
2223 18.254901
2224 18.241859
2225 18.228833
2226 18.215822
2227 18.202827
2228 18.189848
2229 18.176884
2230 18.163936
2231 18.151003
2232 18.138086
2233 18.125184
2234 18.112298
2235 18.099427
2236 18.086571
2237 18.073731
2238 18.060906
2239 18.048096
2240 18.035302
2241 18.022523
2242 18.009760
2243 17.997011
2244 17.984278
2245 17.971560
2246 17.958857
2247 17.946170
2248 17.933497
2249 17.920840
2250 17.908197
2251 17.895570
2252 17.882958
2253 17.870361
2254 17.857778
2255 17.845211
2256 17.832659
2257 17.820121
2258 17.807599
2259 17.795091
2260 17.782599
2261 17.770121
2262 17.757658
2263 17.745209
2264 17.732776
2265 17.720357
2266 17.707953
2267 17.695564
2268 17.683189
2269 17.670829
2270 17.658484
2271 17.646154
2272 17.633837
2273 17.621536
2274 17.609249
2275 17.596977
2276 17.584719
2277 17.572476
2278 17.560247
2279 17.548032
2280 17.535832
2281 17.523647
2282 17.511475
2283 17.499319
2284 17.487176
2285 17.475048
2286 17.462934
2287 17.450835
2288 17.438749
2289 17.426678
2290 17.414622
2291 17.402579
2292 17.390551
2293 17.378536
2294 17.366536
2295 17.354550
2296 17.342578
2297 17.330621
2298 17.318677
2299 17.306747
2300 17.294831
2301 17.282930
2302 17.271042
2303 17.259168
2304 17.247308
2305 17.235463
2306 17.223631
2307 17.211812
2308 17.200008
2309 17.188218
2310 17.176441
2311 17.164678
2312 17.152929
2313 17.141194
2314 17.129472
2315 17.117765
2316 17.106070
2317 17.094390
2318 17.082723
2319 17.071070
2320 17.059430
2321 17.047805
2322 17.036192
2323 17.024593
2324 17.013008
2325 17.001436
2326 16.989878
2327 16.978333
2328 16.966802
2329 16.955284
2330 16.943780
2331 16.932289
2332 16.920811
2333 16.909347
2334 16.897896
2335 16.886458
2336 16.875034
2337 16.863623
2338 16.852225
2339 16.840840
2340 16.829469
2341 16.818111
2342 16.806766
2343 16.795434
2344 16.784116
2345 16.772810
2346 16.761518
2347 16.750239
2348 16.738973
2349 16.727720
2350 16.716479
2351 16.705252
2352 16.694038
2353 16.682837
2354 16.671649
2355 16.660474
2356 16.649312
2357 16.638163
2358 16.627026
2359 16.615903
2360 16.604792
2361 16.593694
2362 16.582609
2363 16.571537
2364 16.560477
2365 16.549430
2366 16.538396
2367 16.527375
2368 16.516367
2369 16.505371
2370 16.494387
2371 16.483417
2372 16.472459
2373 16.461514
2374 16.450581
2375 16.439661
2376 16.428753
2377 16.417858
2378 16.406975
2379 16.396105
2380 16.385248
2381 16.374403
2382 16.363570
2383 16.352750
2384 16.341942
2385 16.331147
2386 16.320364
2387 16.309593
2388 16.298834
2389 16.288088
2390 16.277355
2391 16.266633
2392 16.255924
2393 16.245227
2394 16.234543
2395 16.223870
2396 16.213210
2397 16.202562
2398 16.191926
2399 16.181302
2400 16.170690
2401 16.160091
2402 16.149503
2403 16.138928
2404 16.128365
2405 16.117813
2406 16.107274
2407 16.096747
2408 16.086231
2409 16.075728
2410 16.065237
2411 16.054757
2412 16.044290
2413 16.033834
2414 16.023391
2415 16.012959
2416 16.002539
2417 15.992130
2418 15.981734
2419 15.971350
2420 15.960977
2421 15.950616
2422 15.940266
2423 15.929929
2424 15.919603
2425 15.909289
2426 15.898986
2427 15.888696
2428 15.878416
2429 15.868149
2430 15.857893
2431 15.847649
2432 15.837416
2433 15.827195
2434 15.816985
2435 15.806787
2436 15.796600
2437 15.786425
2438 15.776261
2439 15.766109
2440 15.755968
2441 15.745839
2442 15.735721
2443 15.725614
2444 15.715519
2445 15.705435
2446 15.695363
2447 15.685302
2448 15.675252
2449 15.665213
2450 15.655186
2451 15.645170
2452 15.635165
2453 15.625171
2454 15.615189
2455 15.605218
2456 15.595258
2457 15.585309
2458 15.575371
2459 15.565445
2460 15.555529
2461 15.545625
2462 15.535732
2463 15.525849
2464 15.515978
2465 15.506118
2466 15.496269
2467 15.486431
2468 15.476604
2469 15.466787
2470 15.456982
2471 15.447188
2472 15.437404
2473 15.427632
2474 15.417870
2475 15.408120
2476 15.398380
2477 15.388651
2478 15.378932
2479 15.369225
2480 15.359528
2481 15.349842
2482 15.340167
2483 15.330503
2484 15.320849
2485 15.311206
2486 15.301574
2487 15.291953
2488 15.282342
2489 15.272741
2490 15.263152
2491 15.253573
2492 15.244004
2493 15.234446
2494 15.224899
2495 15.215362
2496 15.205836
2497 15.196321
2498 15.186816
2499 15.177321
2500 15.167837
2501 15.158363
2502 15.148900
2503 15.139447
2504 15.130004
2505 15.120572
2506 15.111151
2507 15.101739
2508 15.092338
2509 15.082948
2510 15.073568
2511 15.064198
2512 15.054838
2513 15.045489
2514 15.036149
2515 15.026821
2516 15.017502
2517 15.008193
2518 14.998895
2519 14.989607
2520 14.980329
2521 14.971061
2522 14.961804
2523 14.952556
2524 14.943319
2525 14.934092
2526 14.924875
2527 14.915667
2528 14.906470
2529 14.897283
2530 14.888106
2531 14.878939
2532 14.869782
2533 14.860635
2534 14.851498
2535 14.842371
2536 14.833254
2537 14.824147
2538 14.815049
2539 14.805962
2540 14.796884
2541 14.787816
2542 14.778758
2543 14.769710
2544 14.760672
2545 14.751644
2546 14.742625
2547 14.733616
2548 14.724617
2549 14.715627
2550 14.706648
2551 14.697678
2552 14.688717
2553 14.679767
2554 14.670826
2555 14.661895
2556 14.652973
2557 14.644061
2558 14.635159
2559 14.626266
2560 14.617383
2561 14.608509
2562 14.599645
2563 14.590790
2564 14.581945
2565 14.573110
2566 14.564284
2567 14.555467
2568 14.546660
2569 14.537863
2570 14.529075
2571 14.520296
2572 14.511527
2573 14.502767
2574 14.494016
2575 14.485275
2576 14.476543
2577 14.467821
2578 14.459108
2579 14.450404
2580 14.441709
2581 14.433024
2582 14.424348
2583 14.415682
2584 14.407024
2585 14.398376
2586 14.389737
2587 14.381107
2588 14.372487
2589 14.363875
2590 14.355273
2591 14.346680
2592 14.338096
2593 14.329522
2594 14.320956
2595 14.312399
2596 14.303852
2597 14.295313
2598 14.286784
2599 14.278264
2600 14.269752
2601 14.261250
2602 14.252757
2603 14.244273
2604 14.235797
2605 14.227331
2606 14.218874
2607 14.210425
2608 14.201986
2609 14.193555
2610 14.185133
2611 14.176721
2612 14.168317
2613 14.159922
2614 14.151535
2615 14.143158
2616 14.134789
2617 14.126430
2618 14.118079
2619 14.109736
2620 14.101403
2621 14.093078
2622 14.084762
2623 14.076455
2624 14.068157
2625 14.059867
2626 14.051586
2627 14.043313
2628 14.035049
2629 14.026794
2630 14.018548
2631 14.010310
2632 14.002081
2633 13.993860
2634 13.985648
2635 13.977444
2636 13.969250
2637 13.961063
2638 13.952885
2639 13.944716
2640 13.936555
2641 13.928403
2642 13.920259
2643 13.912124
2644 13.903997
2645 13.895878
2646 13.887768
2647 13.879667
2648 13.871574
2649 13.863489
2650 13.855412
2651 13.847344
2652 13.839285
2653 13.831233
2654 13.823190
2655 13.815156
2656 13.807129
2657 13.799111
2658 13.791102
2659 13.783100
2660 13.775107
2661 13.767122
2662 13.759145
2663 13.751177
2664 13.743217
2665 13.735264
2666 13.727321
2667 13.719385
2668 13.711457
2669 13.703538
2670 13.695627
2671 13.687724
2672 13.679829
2673 13.671942
2674 13.664063
2675 13.656192
2676 13.648330
2677 13.640475
2678 13.632628
2679 13.624790
2680 13.616959
2681 13.609137
2682 13.601322
2683 13.593516
2684 13.585717
2685 13.577927
2686 13.570144
2687 13.562370
2688 13.554603
2689 13.546844
2690 13.539093
2691 13.531350
2692 13.523615
2693 13.515888
2694 13.508169
2695 13.500457
2696 13.492753
2697 13.485057
2698 13.477369
2699 13.469689
2700 13.462017
2701 13.454352
2702 13.446695
2703 13.439046
2704 13.431405
2705 13.423771
2706 13.416145
2707 13.408527
2708 13.400916
2709 13.393313
2710 13.385718
2711 13.378131
2712 13.370551
2713 13.362979
2714 13.355414
2715 13.347857
2716 13.340308
2717 13.332766
2718 13.325232
2719 13.317705
2720 13.310186
2721 13.302675
2722 13.295171
2723 13.287675
2724 13.280186
2725 13.272705
2726 13.265231
2727 13.257764
2728 13.250306
2729 13.242854
2730 13.235410
2731 13.227974
2732 13.220545
2733 13.213123
2734 13.205709
2735 13.198302
2736 13.190903
2737 13.183511
2738 13.176126
2739 13.168749
2740 13.161379
2741 13.154017
2742 13.146661
2743 13.139313
2744 13.131973
2745 13.124640
2746 13.117314
2747 13.109995
2748 13.102683
2749 13.095379
2750 13.088082
2751 13.080792
2752 13.073510
2753 13.066235
2754 13.058967
2755 13.051706
2756 13.044452
2757 13.037206
2758 13.029966
2759 13.022734
2760 13.015509
2761 13.008291
2762 13.001080
2763 12.993877
2764 12.986680
2765 12.979491
2766 12.972308
2767 12.965133
2768 12.957965
2769 12.950803
2770 12.943649
2771 12.936502
2772 12.929362
2773 12.922229
2774 12.915103
2775 12.907984
2776 12.900872
2777 12.893766
2778 12.886668
2779 12.879577
2780 12.872493
2781 12.865415
2782 12.858345
2783 12.851282
2784 12.844225
2785 12.837175
2786 12.830133
2787 12.823097
2788 12.816068
2789 12.809045
2790 12.802030
2791 12.795021
2792 12.788020
2793 12.781025
2794 12.774037
2795 12.767056
2796 12.760081
2797 12.753113
2798 12.746152
2799 12.739198
2800 12.732251
2801 12.725310
2802 12.718376
2803 12.711449
2804 12.704529
2805 12.697615
2806 12.690708
2807 12.683807
2808 12.676913
2809 12.670026
2810 12.663146
2811 12.656272
2812 12.649405
2813 12.642545
2814 12.635691
2815 12.628843
2816 12.622003
2817 12.615169
2818 12.608341
2819 12.601520
2820 12.594706
2821 12.587898
2822 12.581097
2823 12.574302
2824 12.567514
2825 12.560733
2826 12.553957
2827 12.547189
2828 12.540427
2829 12.533671
2830 12.526922
2831 12.520179
2832 12.513443
2833 12.506713
2834 12.499990
2835 12.493273
2836 12.486562
2837 12.479858
2838 12.473161
2839 12.466469
2840 12.459784
2841 12.453106
2842 12.446434
2843 12.439768
2844 12.433109
2845 12.426455
2846 12.419809
2847 12.413168
2848 12.406534
2849 12.399906
2850 12.393285
2851 12.386670
2852 12.380061
2853 12.373458
2854 12.366862
2855 12.360272
2856 12.353688
2857 12.347110
2858 12.340539
2859 12.333974
2860 12.327415
2861 12.320862
2862 12.314315
2863 12.307775
2864 12.301241
2865 12.294713
2866 12.288191
2867 12.281675
2868 12.275166
2869 12.268662
2870 12.262165
2871 12.255674
2872 12.249189
2873 12.242710
2874 12.236237
2875 12.229771
2876 12.223310
2877 12.216855
2878 12.210407
2879 12.203965
2880 12.197528
2881 12.191098
2882 12.184674
2883 12.178255
2884 12.171843
2885 12.165437
2886 12.159037
2887 12.152642
2888 12.146254
2889 12.139872
2890 12.133495
2891 12.127125
2892 12.120761
2893 12.114402
2894 12.108050
2895 12.101703
2896 12.095363
2897 12.089028
2898 12.082699
2899 12.076376
2900 12.070059
2901 12.063748
2902 12.057443
2903 12.051143
2904 12.044850
2905 12.038562
2906 12.032280
2907 12.026004
2908 12.019734
2909 12.013470
2910 12.007211
2911 12.000958
2912 11.994711
2913 11.988470
2914 11.982235
2915 11.976005
2916 11.969782
2917 11.963564
2918 11.957351
2919 11.951145
2920 11.944944
2921 11.938749
2922 11.932560
2923 11.926376
2924 11.920198
2925 11.914026
2926 11.907859
2927 11.901698
2928 11.895543
2929 11.889394
2930 11.883250
2931 11.877112
2932 11.870979
2933 11.864852
2934 11.858731
2935 11.852616
2936 11.846506
2937 11.840401
2938 11.834303
2939 11.828209
2940 11.822122
2941 11.816040
2942 11.809963
2943 11.803893
2944 11.797827
2945 11.791768
2946 11.785713
2947 11.779665
2948 11.773622
2949 11.767584
2950 11.761552
2951 11.755526
2952 11.749505
2953 11.743489
2954 11.737479
2955 11.731475
2956 11.725475
2957 11.719482
2958 11.713494
2959 11.707511
2960 11.701534
2961 11.695562
2962 11.689596
2963 11.683635
2964 11.677679
2965 11.671729
2966 11.665785
2967 11.659845
2968 11.653912
2969 11.647983
2970 11.642060
2971 11.636142
2972 11.630230
2973 11.624323
2974 11.618421
2975 11.612525
2976 11.606634
2977 11.600749
2978 11.594868
2979 11.588993
2980 11.583124
2981 11.577260
2982 11.571400
2983 11.565547
2984 11.559698
2985 11.553855
2986 11.548017
2987 11.542185
2988 11.536357
2989 11.530535
2990 11.524718
2991 11.518907
2992 11.513100
2993 11.507299
2994 11.501503
2995 11.495713
2996 11.489927
2997 11.484147
2998 11.478372
2999 11.472602
3000 11.466837
3001 11.461078
3002 11.455323
3003 11.449574
3004 11.443830
3005 11.438091
3006 11.432357
3007 11.426629
3008 11.420905
3009 11.415187
3010 11.409474
3011 11.403766
3012 11.398063
3013 11.392365
3014 11.386672
3015 11.380984
3016 11.375301
3017 11.369624
3018 11.363951
3019 11.358284
3020 11.352622
3021 11.346964
3022 11.341312
3023 11.335665
3024 11.330022
3025 11.324385
3026 11.318753
3027 11.313126
3028 11.307504
3029 11.301887
3030 11.296275
3031 11.290667
3032 11.285065
3033 11.279468
3034 11.273876
3035 11.268289
3036 11.262706
3037 11.257129
3038 11.251557
3039 11.245989
3040 11.240427
3041 11.234869
3042 11.229316
3043 11.223769
3044 11.218226
3045 11.212688
3046 11.207155
3047 11.201627
3048 11.196103
3049 11.190585
3050 11.185072
3051 11.179563
3052 11.174059
3053 11.168560
3054 11.163066
3055 11.157577
3056 11.152093
3057 11.146613
3058 11.141139
3059 11.135669
3060 11.130204
3061 11.124743
3062 11.119288
3063 11.113837
3064 11.108392
3065 11.102950
3066 11.097514
3067 11.092083
3068 11.086656
3069 11.081234
3070 11.075817
3071 11.070405
3072 11.064997
3073 11.059594
3074 11.054196
3075 11.048802
3076 11.043414
3077 11.038030
3078 11.032650
3079 11.027276
3080 11.021906
3081 11.016541
3082 11.011180
3083 11.005824
3084 11.000473
3085 10.995127
3086 10.989785
3087 10.984448
3088 10.979116
3089 10.973788
3090 10.968465
3091 10.963146
3092 10.957832
3093 10.952523
3094 10.947219
3095 10.941919
3096 10.936623
3097 10.931333
3098 10.926046
3099 10.920765
3100 10.915488
3101 10.910216
3102 10.904948
3103 10.899685
3104 10.894426
3105 10.889172
3106 10.883923
3107 10.878678
3108 10.873437
3109 10.868202
3110 10.862970
3111 10.857744
3112 10.852521
3113 10.847304
3114 10.842091
3115 10.836882
3116 10.831678
3117 10.826478
3118 10.821283
3119 10.816092
3120 10.810906
3121 10.805725
3122 10.800548
3123 10.795375
3124 10.790207
3125 10.785043
3126 10.779884
3127 10.774729
3128 10.769578
3129 10.764432
3130 10.759291
3131 10.754154
3132 10.749021
3133 10.743893
3134 10.738769
3135 10.733650
3136 10.728535
3137 10.723424
3138 10.718318
3139 10.713216
3140 10.708119
3141 10.703026
3142 10.697937
3143 10.692853
3144 10.687773
3145 10.682697
3146 10.677626
3147 10.672559
3148 10.667497
3149 10.662439
3150 10.657385
3151 10.652336
3152 10.647290
3153 10.642250
3154 10.637213
3155 10.632181
3156 10.627153
3157 10.622130
3158 10.617110
3159 10.612095
3160 10.607085
3161 10.602078
3162 10.597076
3163 10.592078
3164 10.587085
3165 10.582095
3166 10.577110
3167 10.572130
3168 10.567153
3169 10.562181
3170 10.557213
3171 10.552249
3172 10.547289
3173 10.542334
3174 10.537383
3175 10.532436
3176 10.527493
3177 10.522555
3178 10.517620
3179 10.512690
3180 10.507764
3181 10.502843
3182 10.497925
3183 10.493012
3184 10.488103
3185 10.483198
3186 10.478297
3187 10.473400
3188 10.468508
3189 10.463619
3190 10.458735
3191 10.453855
3192 10.448979
3193 10.444107
3194 10.439240
3195 10.434376
3196 10.429517
3197 10.424661
3198 10.419810
3199 10.414963
3200 10.410120
3201 10.405281
3202 10.400446
3203 10.395616
3204 10.390789
3205 10.385966
3206 10.381148
3207 10.376333
3208 10.371523
3209 10.366717
3210 10.361915
3211 10.357116
3212 10.352322
3213 10.347532
3214 10.342746
3215 10.337964
3216 10.333186
3217 10.328412
3218 10.323642
3219 10.318876
3220 10.314114
3221 10.309357
3222 10.304603
3223 10.299853
3224 10.295107
3225 10.290365
3226 10.285627
3227 10.280893
3228 10.276163
3229 10.271437
3230 10.266715
3231 10.261997
3232 10.257283
3233 10.252573
3234 10.247867
3235 10.243164
3236 10.238466
3237 10.233772
3238 10.229081
3239 10.224395
3240 10.219712
3241 10.215033
3242 10.210359
3243 10.205688
3244 10.201021
3245 10.196358
3246 10.191699
3247 10.187044
3248 10.182392
3249 10.177745
3250 10.173101
3251 10.168461
3252 10.163826
3253 10.159194
3254 10.154566
3255 10.149941
3256 10.145321
3257 10.140705
3258 10.136092
3259 10.131483
3260 10.126878
3261 10.122277
3262 10.117680
3263 10.113086
3264 10.108497
3265 10.103911
3266 10.099329
3267 10.094750
3268 10.090176
3269 10.085606
3270 10.081039
3271 10.076476
3272 10.071917
3273 10.067361
3274 10.062809
3275 10.058262
3276 10.053718
3277 10.049177
3278 10.044641
3279 10.040108
3280 10.035579
3281 10.031054
3282 10.026532
3283 10.022014
3284 10.017500
3285 10.012990
3286 10.008484
3287 10.003981
3288 9.999482
3289 9.994986
3290 9.990495
3291 9.986007
3292 9.981522
3293 9.977042
3294 9.972565
3295 9.968092
3296 9.963623
3297 9.959157
3298 9.954695
3299 9.950237
3300 9.945782
3301 9.941331
3302 9.936884
3303 9.932440
3304 9.928000
3305 9.923564
3306 9.919131
3307 9.914702
3308 9.910277
3309 9.905855
3310 9.901437
3311 9.897022
3312 9.892611
3313 9.888204
3314 9.883801
3315 9.879401
3316 9.875004
3317 9.870612
3318 9.866223
3319 9.861837
3320 9.857455
3321 9.853077
3322 9.848702
3323 9.844331
3324 9.839964
3325 9.835600
3326 9.831239
3327 9.826883
3328 9.822529
3329 9.818180
3330 9.813834
3331 9.809491
3332 9.805152
3333 9.800817
3334 9.796485
3335 9.792157
3336 9.787832
3337 9.783511
3338 9.779193
3339 9.774879
3340 9.770568
3341 9.766261
3342 9.761958
3343 9.757657
3344 9.753361
3345 9.749068
3346 9.744778
3347 9.740492
3348 9.736210
3349 9.731931
3350 9.727655
3351 9.723383
3352 9.719115
3353 9.714849
3354 9.710588
3355 9.706330
3356 9.702075
3357 9.697824
3358 9.693576
3359 9.689332
3360 9.685091
3361 9.680853
3362 9.676619
3363 9.672389
3364 9.668162
3365 9.663938
3366 9.659718
3367 9.655501
3368 9.651288
3369 9.647078
3370 9.642872
3371 9.638668
3372 9.634469
3373 9.630273
3374 9.626080
3375 9.621890
3376 9.617704
3377 9.613522
3378 9.609342
3379 9.605166
3380 9.600994
3381 9.596825
3382 9.592659
3383 9.588497
3384 9.584338
3385 9.580182
3386 9.576030
3387 9.571881
3388 9.567735
3389 9.563593
3390 9.559454
3391 9.555319
3392 9.551186
3393 9.547058
3394 9.542932
3395 9.538810
3396 9.534691
3397 9.530576
3398 9.526463
3399 9.522355
3400 9.518249
3401 9.514147
3402 9.510048
3403 9.505952
3404 9.501860
3405 9.497771
3406 9.493685
3407 9.489603
3408 9.485523
3409 9.481447
3410 9.477375
3411 9.473306
3412 9.469239
3413 9.465177
3414 9.461117
3415 9.457061
3416 9.453008
3417 9.448958
3418 9.444912
3419 9.440868
3420 9.436828
3421 9.432792
3422 9.428758
3423 9.424728
3424 9.420701
3425 9.416677
3426 9.412657
3427 9.408639
3428 9.404625
3429 9.400614
3430 9.396606
3431 9.392602
3432 9.388601
3433 9.384603
3434 9.380608
3435 9.376616
3436 9.372628
3437 9.368642
3438 9.364660
3439 9.360681
3440 9.356705
3441 9.352733
3442 9.348763
3443 9.344797
3444 9.340834
3445 9.336874
3446 9.332918
3447 9.328964
3448 9.325014
3449 9.321066
3450 9.317122
3451 9.313181
3452 9.309243
3453 9.305309
3454 9.301377
3455 9.297449
3456 9.293524
3457 9.289601
3458 9.285682
3459 9.281766
3460 9.277854
3461 9.273944
3462 9.270037
3463 9.266134
3464 9.262234
3465 9.258336
3466 9.254442
3467 9.250551
3468 9.246663
3469 9.242778
3470 9.238896
3471 9.235018
3472 9.231142
3473 9.227269
3474 9.223400
3475 9.219534
3476 9.215670
3477 9.211810
3478 9.207953
3479 9.204098
3480 9.200247
3481 9.196399
3482 9.192554
3483 9.188712
3484 9.184873
3485 9.181037
3486 9.177205
3487 9.173375
3488 9.169548
3489 9.165724
3490 9.161903
3491 9.158086
3492 9.154271
3493 9.150459
3494 9.146651
3495 9.142845
3496 9.139042
3497 9.135243
3498 9.131446
3499 9.127652
3500 9.123862
3501 9.120074
3502 9.116289
3503 9.112508
3504 9.108729
3505 9.104953
3506 9.101180
3507 9.097411
3508 9.093644
3509 9.089880
3510 9.086119
3511 9.082361
3512 9.078606
3513 9.074854
3514 9.071105
3515 9.067359
3516 9.063616
3517 9.059875
3518 9.056138
3519 9.052404
3520 9.048672
3521 9.044944
3522 9.041218
3523 9.037495
3524 9.033776
3525 9.030059
3526 9.026345
3527 9.022634
3528 9.018926
3529 9.015221
3530 9.011519
3531 9.007819
3532 9.004123
3533 9.000429
3534 8.996738
3535 8.993051
3536 8.989366
3537 8.985684
3538 8.982005
3539 8.978328
3540 8.974655
3541 8.970985
3542 8.967317
3543 8.963652
3544 8.959990
3545 8.956331
3546 8.952675
3547 8.949022
3548 8.945371
3549 8.941724
3550 8.938079
3551 8.934437
3552 8.930798
3553 8.927162
3554 8.923528
3555 8.919898
3556 8.916270
3557 8.912645
3558 8.909023
3559 8.905403
3560 8.901787
3561 8.898173
3562 8.894563
3563 8.890954
3564 8.887349
3565 8.883747
3566 8.880147
3567 8.876550
3568 8.872956
3569 8.869365
3570 8.865777
3571 8.862191
3572 8.858608
3573 8.855028
3574 8.851451
3575 8.847876
3576 8.844305
3577 8.840736
3578 8.837169
3579 8.833606
3580 8.830045
3581 8.826487
3582 8.822932
3583 8.819380
3584 8.815830
3585 8.812283
3586 8.808739
3587 8.805198
3588 8.801659
3589 8.798123
3590 8.794590
3591 8.791059
3592 8.787532
3593 8.784007
3594 8.780484
3595 8.776965
3596 8.773448
3597 8.769934
3598 8.766422
3599 8.762914
3600 8.759408
3601 8.755904
3602 8.752404
3603 8.748906
3604 8.745411
3605 8.741918
3606 8.738428
3607 8.734941
3608 8.731457
3609 8.727975
3610 8.724496
3611 8.721020
3612 8.717546
3613 8.714075
3614 8.710607
3615 8.707141
3616 8.703678
3617 8.700218
3618 8.696760
3619 8.693305
3620 8.689852
3621 8.686403
3622 8.682956
3623 8.679511
3624 8.676069
3625 8.672630
3626 8.669194
3627 8.665760
3628 8.662329
3629 8.658900
3630 8.655474
3631 8.652051
3632 8.648630
3633 8.645212
3634 8.641796
3635 8.638384
3636 8.634973
3637 8.631566
3638 8.628161
3639 8.624758
3640 8.621358
3641 8.617961
3642 8.614567
3643 8.611175
3644 8.607785
3645 8.604398
3646 8.601014
3647 8.597632
3648 8.594253
3649 8.590877
3650 8.587503
3651 8.584131
3652 8.580763
3653 8.577396
3654 8.574033
3655 8.570672
3656 8.567313
3657 8.563957
3658 8.560604
3659 8.557253
3660 8.553905
3661 8.550559
3662 8.547216
3663 8.543875
3664 8.540537
3665 8.537201
3666 8.533868
3667 8.530538
3668 8.527210
3669 8.523885
3670 8.520562
3671 8.517241
3672 8.513923
3673 8.510608
3674 8.507295
3675 8.503985
3676 8.500677
3677 8.497372
3678 8.494069
3679 8.490769
3680 8.487471
3681 8.484176
3682 8.480883
3683 8.477593
3684 8.474305
3685 8.471020
3686 8.467737
3687 8.464457
3688 8.461179
3689 8.457903
3690 8.454630
3691 8.451360
3692 8.448092
3693 8.444827
3694 8.441564
3695 8.438303
3696 8.435045
3697 8.431790
3698 8.428536
3699 8.425286
3700 8.422037
3701 8.418792
3702 8.415548
3703 8.412308
3704 8.409069
3705 8.405833
3706 8.402600
3707 8.399368
3708 8.396140
3709 8.392914
3710 8.389690
3711 8.386468
3712 8.383249
3713 8.380033
3714 8.376819
3715 8.373607
3716 8.370398
3717 8.367191
3718 8.363986
3719 8.360784
3720 8.357585
3721 8.354387
3722 8.351193
3723 8.348000
3724 8.344810
3725 8.341622
3726 8.338437
3727 8.335254
3728 8.332074
3729 8.328896
3730 8.325720
3731 8.322547
3732 8.319376
3733 8.316207
3734 8.313041
3735 8.309877
3736 8.306716
3737 8.303557
3738 8.300400
3739 8.297245
3740 8.294093
3741 8.290944
3742 8.287797
3743 8.284652
3744 8.281509
3745 8.278369
3746 8.275231
3747 8.272095
3748 8.268962
3749 8.265831
3750 8.262703
3751 8.259576
3752 8.256453
3753 8.253331
3754 8.250212
3755 8.247095
3756 8.243980
3757 8.240868
3758 8.237758
3759 8.234651
3760 8.231545
3761 8.228442
3762 8.225342
3763 8.222243
3764 8.219147
3765 8.216053
3766 8.212962
3767 8.209873
3768 8.206786
3769 8.203701
3770 8.200619
3771 8.197539
3772 8.194461
3773 8.191386
3774 8.188313
3775 8.185242
3776 8.182173
3777 8.179107
3778 8.176043
3779 8.172981
3780 8.169922
3781 8.166865
3782 8.163810
3783 8.160757
3784 8.157707
3785 8.154658
3786 8.151613
3787 8.148569
3788 8.145527
3789 8.142488
3790 8.139451
3791 8.136417
3792 8.133384
3793 8.130354
3794 8.127326
3795 8.124300
3796 8.121277
3797 8.118256
3798 8.115237
3799 8.112220
3800 8.109205
3801 8.106193
3802 8.103183
3803 8.100175
3804 8.097169
3805 8.094166
3806 8.091165
3807 8.088166
3808 8.085169
3809 8.082174
3810 8.079182
3811 8.076192
3812 8.073203
3813 8.070218
3814 8.067234
3815 8.064253
3816 8.061273
3817 8.058296
3818 8.055321
3819 8.052349
3820 8.049378
3821 8.046410
3822 8.043444
3823 8.040480
3824 8.037518
3825 8.034558
3826 8.031601
3827 8.028646
3828 8.025693
3829 8.022742
3830 8.019793
3831 8.016846
3832 8.013902
3833 8.010959
3834 8.008019
3835 8.005081
3836 8.002145
3837 7.999212
3838 7.996280
3839 7.993351
3840 7.990423
3841 7.987498
3842 7.984575
3843 7.981654
3844 7.978736
3845 7.975819
3846 7.972905
3847 7.969992
3848 7.967082
3849 7.964174
3850 7.961268
3851 7.958364
3852 7.955462
3853 7.952563
3854 7.949665
3855 7.946770
3856 7.943876
3857 7.940985
3858 7.938096
3859 7.935209
3860 7.932324
3861 7.929441
3862 7.926561
3863 7.923682
3864 7.920806
3865 7.917931
3866 7.915059
3867 7.912189
3868 7.909320
3869 7.906454
3870 7.903590
3871 7.900728
3872 7.897869
3873 7.895011
3874 7.892155
3875 7.889301
3876 7.886450
3877 7.883600
3878 7.880753
3879 7.877907
3880 7.875064
3881 7.872223
3882 7.869384
3883 7.866546
3884 7.863711
3885 7.860878
3886 7.858047
3887 7.855218
3888 7.852391
3889 7.849567
3890 7.846744
3891 7.843923
3892 7.841104
3893 7.838287
3894 7.835473
3895 7.832660
3896 7.829849
3897 7.827041
3898 7.824234
3899 7.821430
3900 7.818627
3901 7.815827
3902 7.813028
3903 7.810232
3904 7.807437
3905 7.804645
3906 7.801854
3907 7.799066
3908 7.796279
3909 7.793495
3910 7.790712
3911 7.787932
3912 7.785153
3913 7.782377
3914 7.779602
3915 7.776830
3916 7.774060
3917 7.771291
3918 7.768525
3919 7.765760
3920 7.762997
3921 7.760237
3922 7.757478
3923 7.754722
3924 7.751967
3925 7.749214
3926 7.746464
3927 7.743715
3928 7.740968
3929 7.738223
3930 7.735481
3931 7.732740
3932 7.730001
3933 7.727264
3934 7.724529
3935 7.721796
3936 7.719065
3937 7.716335
3938 7.713608
3939 7.710883
3940 7.708160
3941 7.705438
3942 7.702719
3943 7.700001
3944 7.697286
3945 7.694572
3946 7.691861
3947 7.689151
3948 7.686443
3949 7.683737
3950 7.681033
3951 7.678331
3952 7.675631
3953 7.672933
3954 7.670236
3955 7.667542
3956 7.664850
3957 7.662159
3958 7.659470
3959 7.656784
3960 7.654099
3961 7.651416
3962 7.648735
3963 7.646056
3964 7.643379
3965 7.640703
3966 7.638030
3967 7.635358
3968 7.632689
3969 7.630021
3970 7.627355
3971 7.624691
3972 7.622029
3973 7.619369
3974 7.616711
3975 7.614054
3976 7.611400
3977 7.608747
3978 7.606096
3979 7.603447
3980 7.600800
3981 7.598155
3982 7.595512
3983 7.592870
3984 7.590231
3985 7.587593
3986 7.584957
3987 7.582323
3988 7.579691
3989 7.577061
3990 7.574432
3991 7.571806
3992 7.569181
3993 7.566558
3994 7.563937
3995 7.561318
3996 7.558700
3997 7.556085
3998 7.553471
3999 7.550859
4000 7.548249
4001 7.545641
4002 7.543035
4003 7.540430
4004 7.537827
4005 7.535227
4006 7.532628
4007 7.530030
4008 7.527435
4009 7.524841
4010 7.522250
4011 7.519660
4012 7.517072
4013 7.514485
4014 7.511901
4015 7.509318
4016 7.506737
4017 7.504158
4018 7.501581
4019 7.499005
4020 7.496432
4021 7.493860
4022 7.491290
4023 7.488722
4024 7.486155
4025 7.483590
4026 7.481027
4027 7.478466
4028 7.475907
4029 7.473349
4030 7.470794
4031 7.468240
4032 7.465688
4033 7.463137
4034 7.460589
4035 7.458042
4036 7.455497
4037 7.452953
4038 7.450412
4039 7.447872
4040 7.445334
4041 7.442798
4042 7.440263
4043 7.437731
4044 7.435200
4045 7.432670
4046 7.430143
4047 7.427617
4048 7.425093
4049 7.422571
4050 7.420051
4051 7.417532
4052 7.415015
4053 7.412500
4054 7.409986
4055 7.407475
4056 7.404965
4057 7.402457
4058 7.399950
4059 7.397445
4060 7.394942
4061 7.392441
4062 7.389942
4063 7.387444
4064 7.384948
4065 7.382453
4066 7.379961
4067 7.377470
4068 7.374980
4069 7.372493
4070 7.370007
4071 7.367523
4072 7.365041
4073 7.362560
4074 7.360081
4075 7.357604
4076 7.355129
4077 7.352655
4078 7.350183
4079 7.347712
4080 7.345244
4081 7.342777
4082 7.340311
4083 7.337848
4084 7.335386
4085 7.332926
4086 7.330467
4087 7.328010
4088 7.325555
4089 7.323102
4090 7.320650
4091 7.318200
4092 7.315752
4093 7.313305
4094 7.310860
4095 7.308417
4096 7.305975
4097 7.303535
4098 7.301097
4099 7.298660
4100 7.296225
4101 7.293792
4102 7.291360
4103 7.288930
4104 7.286502
4105 7.284075
4106 7.281650
4107 7.279227
4108 7.276805
4109 7.274385
4110 7.271966
4111 7.269550
4112 7.267135
4113 7.264721
4114 7.262309
4115 7.259899
4116 7.257491
4117 7.255084
4118 7.252679
4119 7.250275
4120 7.247873
4121 7.245473
4122 7.243074
4123 7.240677
4124 7.238282
4125 7.235888
4126 7.233496
4127 7.231106
4128 7.228717
4129 7.226329
4130 7.223944
4131 7.221560
4132 7.219177
4133 7.216797
4134 7.214417
4135 7.212040
4136 7.209664
4137 7.207290
4138 7.204917
4139 7.202546
4140 7.200176
4141 7.197809
4142 7.195442
4143 7.193078
4144 7.190715
4145 7.188353
4146 7.185993
4147 7.183635
4148 7.181278
4149 7.178923
4150 7.176570
4151 7.174218
4152 7.171868
4153 7.169519
4154 7.167172
4155 7.164826
4156 7.162482
4157 7.160140
4158 7.157799
4159 7.155460
4160 7.153122
4161 7.150786
4162 7.148452
4163 7.146119
4164 7.143787
4165 7.141458
4166 7.139130
4167 7.136803
4168 7.134478
4169 7.132154
4170 7.129832
4171 7.127512
4172 7.125193
4173 7.122876
4174 7.120560
4175 7.118246
4176 7.115934
4177 7.113623
4178 7.111313
4179 7.109005
4180 7.106699
4181 7.104394
4182 7.102091
4183 7.099789
4184 7.097489
4185 7.095190
4186 7.092893
4187 7.090597
4188 7.088303
4189 7.086011
4190 7.083720
4191 7.081430
4192 7.079143
4193 7.076856
4194 7.074571
4195 7.072288
4196 7.070006
4197 7.067726
4198 7.065447
4199 7.063170
4200 7.060894
4201 7.058620
4202 7.056347
4203 7.054076
4204 7.051807
4205 7.049539
4206 7.047272
4207 7.045007
4208 7.042743
4209 7.040481
4210 7.038221
4211 7.035962
4212 7.033704
4213 7.031448
4214 7.029193
4215 7.026940
4216 7.024689
4217 7.022439
4218 7.020190
4219 7.017943
4220 7.015697
4221 7.013453
4222 7.011211
4223 7.008970
4224 7.006730
4225 7.004492
4226 7.002255
4227 7.000020
4228 6.997786
4229 6.995554
4230 6.993323
4231 6.991094
4232 6.988866
4233 6.986640
4234 6.984415
4235 6.982192
4236 6.979970
4237 6.977750
4238 6.975531
4239 6.973313
4240 6.971097
4241 6.968883
4242 6.966669
4243 6.964458
4244 6.962248
4245 6.960039
4246 6.957832
4247 6.955626
4248 6.953421
4249 6.951219
4250 6.949017
4251 6.946817
4252 6.944619
4253 6.942422
4254 6.940226
4255 6.938032
4256 6.935839
4257 6.933648
4258 6.931458
4259 6.929269
4260 6.927082
4261 6.924897
4262 6.922713
4263 6.920530
4264 6.918349
4265 6.916169
4266 6.913990
4267 6.911813
4268 6.909638
4269 6.907464
4270 6.905291
4271 6.903120
4272 6.900950
4273 6.898782
4274 6.896615
4275 6.894449
4276 6.892285
4277 6.890122
4278 6.887961
4279 6.885801
4280 6.883642
4281 6.881485
4282 6.879330
4283 6.877175
4284 6.875022
4285 6.872871
4286 6.870721
4287 6.868572
4288 6.866425
4289 6.864279
4290 6.862135
4291 6.859992
4292 6.857850
4293 6.855710
4294 6.853571
4295 6.851433
4296 6.849297
4297 6.847163
4298 6.845029
4299 6.842897
4300 6.840767
4301 6.838638
4302 6.836510
4303 6.834383
4304 6.832258
4305 6.830135
4306 6.828013
4307 6.825892
4308 6.823772
4309 6.821654
4310 6.819537
4311 6.817422
4312 6.815308
4313 6.813195
4314 6.811084
4315 6.808974
4316 6.806866
4317 6.804759
4318 6.802653
4319 6.800548
4320 6.798445
4321 6.796344
4322 6.794243
4323 6.792144
4324 6.790047
4325 6.787950
4326 6.785856
4327 6.783762
4328 6.781670
4329 6.779579
4330 6.777489
4331 6.775401
4332 6.773314
4333 6.771229
4334 6.769145
4335 6.767062
4336 6.764981
4337 6.762900
4338 6.760822
4339 6.758744
4340 6.756668
4341 6.754593
4342 6.752520
4343 6.750448
4344 6.748377
4345 6.746308
4346 6.744240
4347 6.742173
4348 6.740107
4349 6.738043
4350 6.735981
4351 6.733919
4352 6.731859
4353 6.729800
4354 6.727743
4355 6.725686
4356 6.723632
4357 6.721578
4358 6.719526
4359 6.717475
4360 6.715425
4361 6.713377
4362 6.711330
4363 6.709284
4364 6.707240
4365 6.705197
4366 6.703155
4367 6.701115
4368 6.699076
4369 6.697038
4370 6.695001
4371 6.692966
4372 6.690932
4373 6.688900
4374 6.686868
4375 6.684838
4376 6.682809
4377 6.680782
4378 6.678756
4379 6.676731
4380 6.674707
4381 6.672685
4382 6.670664
4383 6.668644
4384 6.666626
4385 6.664609
4386 6.662593
4387 6.660578
4388 6.658565
4389 6.656553
4390 6.654542
4391 6.652533
4392 6.650524
4393 6.648518
4394 6.646512
4395 6.644508
4396 6.642504
4397 6.640503
4398 6.638502
4399 6.636503
4400 6.634505
4401 6.632508
4402 6.630512
4403 6.628518
4404 6.626525
4405 6.624533
4406 6.622543
4407 6.620554
4408 6.618566
4409 6.616579
4410 6.614594
4411 6.612610
4412 6.610627
4413 6.608645
4414 6.606665
4415 6.604685
4416 6.602707
4417 6.600731
4418 6.598755
4419 6.596781
4420 6.594808
4421 6.592837
4422 6.590866
4423 6.588897
4424 6.586929
4425 6.584962
4426 6.582997
4427 6.581032
4428 6.579069
4429 6.577108
4430 6.575147
4431 6.573188
4432 6.571230
4433 6.569273
4434 6.567317
4435 6.565363
4436 6.563410
4437 6.561458
4438 6.559507
4439 6.557557
4440 6.555609
4441 6.553662
4442 6.551716
4443 6.549772
4444 6.547828
4445 6.545886
4446 6.543945
4447 6.542005
4448 6.540067
4449 6.538129
4450 6.536193
4451 6.534258
4452 6.532325
4453 6.530392
4454 6.528461
4455 6.526531
4456 6.524602
4457 6.522674
4458 6.520748
4459 6.518823
4460 6.516898
4461 6.514976
4462 6.513054
4463 6.511133
4464 6.509214
4465 6.507296
4466 6.505379
4467 6.503464
4468 6.501549
4469 6.499636
4470 6.497724
4471 6.495813
4472 6.493903
4473 6.491994
4474 6.490087
4475 6.488181
4476 6.486276
4477 6.484372
4478 6.482469
4479 6.480568
4480 6.478668
4481 6.476769
4482 6.474871
4483 6.472974
4484 6.471078
4485 6.469184
4486 6.467291
4487 6.465399
4488 6.463508
4489 6.461618
4490 6.459730
4491 6.457842
4492 6.455956
4493 6.454071
4494 6.452187
4495 6.450304
4496 6.448423
4497 6.446542
4498 6.444663
4499 6.442785
4500 6.440908
4501 6.439033
4502 6.437158
4503 6.435285
4504 6.433412
4505 6.431541
4506 6.429671
4507 6.427802
4508 6.425935
4509 6.424068
4510 6.422203
4511 6.420339
4512 6.418476
4513 6.416614
4514 6.414753
4515 6.412893
4516 6.411035
4517 6.409177
4518 6.407321
4519 6.405466
4520 6.403612
4521 6.401759
4522 6.399908
4523 6.398057
4524 6.396208
4525 6.394360
4526 6.392513
4527 6.390667
4528 6.388822
4529 6.386978
4530 6.385135
4531 6.383294
4532 6.381454
4533 6.379614
4534 6.377776
4535 6.375939
4536 6.374103
4537 6.372269
4538 6.370435
4539 6.368603
4540 6.366771
4541 6.364941
4542 6.363112
4543 6.361284
4544 6.359457
4545 6.357631
4546 6.355807
4547 6.353983
4548 6.352161
4549 6.350339
4550 6.348519
4551 6.346700
4552 6.344882
4553 6.343065
4554 6.341249
4555 6.339435
4556 6.337621
4557 6.335808
4558 6.333997
4559 6.332187
4560 6.330378
4561 6.328570
4562 6.326763
4563 6.324957
4564 6.323152
4565 6.321348
4566 6.319546
4567 6.317744
4568 6.315944
4569 6.314144
4570 6.312346
4571 6.310549
4572 6.308753
4573 6.306958
4574 6.305164
4575 6.303371
4576 6.301580
4577 6.299789
4578 6.297999
4579 6.296211
4580 6.294424
4581 6.292637
4582 6.290852
4583 6.289068
4584 6.287285
4585 6.285503
4586 6.283722
4587 6.281942
4588 6.280163
4589 6.278386
4590 6.276609
4591 6.274834
4592 6.273059
4593 6.271286
4594 6.269513
4595 6.267742
4596 6.265972
4597 6.264203
4598 6.262435
4599 6.260668
4600 6.258902
4601 6.257137
4602 6.255373
4603 6.253610
4604 6.251848
4605 6.250088
4606 6.248328
4607 6.246570
4608 6.244812
4609 6.243056
4610 6.241300
4611 6.239546
4612 6.237793
4613 6.236040
4614 6.234289
4615 6.232539
4616 6.230790
4617 6.229042
4618 6.227295
4619 6.225549
4620 6.223804
4621 6.222060
4622 6.220318
4623 6.218576
4624 6.216835
4625 6.215095
4626 6.213357
4627 6.211619
4628 6.209883
4629 6.208147
4630 6.206412
4631 6.204679
4632 6.202947
4633 6.201215
4634 6.199485
4635 6.197755
4636 6.196027
4637 6.194300
4638 6.192574
4639 6.190848
4640 6.189124
4641 6.187401
4642 6.185679
4643 6.183958
4644 6.182238
4645 6.180519
4646 6.178801
4647 6.177084
4648 6.175368
4649 6.173653
4650 6.171939
4651 6.170226
4652 6.168514
4653 6.166803
4654 6.165093
4655 6.163384
4656 6.161676
4657 6.159969
4658 6.158263
4659 6.156558
4660 6.154855
4661 6.153152
4662 6.151450
4663 6.149749
4664 6.148049
4665 6.146350
4666 6.144653
4667 6.142956
4668 6.141260
4669 6.139565
4670 6.137871
4671 6.136179
4672 6.134487
4673 6.132796
4674 6.131106
4675 6.129417
4676 6.127730
4677 6.126043
4678 6.124357
4679 6.122672
4680 6.120988
4681 6.119306
4682 6.117624
4683 6.115943
4684 6.114263
4685 6.112584
4686 6.110906
4687 6.109229
4688 6.107553
4689 6.105878
4690 6.104204
4691 6.102531
4692 6.100859
4693 6.099188
4694 6.097518
4695 6.095849
4696 6.094181
4697 6.092514
4698 6.090848
4699 6.089183
4700 6.087519
4701 6.085856
4702 6.084193
4703 6.082532
4704 6.080872
4705 6.079213
4706 6.077554
4707 6.075897
4708 6.074240
4709 6.072585
4710 6.070931
4711 6.069277
4712 6.067625
4713 6.065973
4714 6.064322
4715 6.062673
4716 6.061024
4717 6.059376
4718 6.057730
4719 6.056084
4720 6.054439
4721 6.052795
4722 6.051152
4723 6.049510
4724 6.047869
4725 6.046229
4726 6.044590
4727 6.042952
4728 6.041315
4729 6.039679
4730 6.038043
4731 6.036409
4732 6.034776
4733 6.033143
4734 6.031512
4735 6.029881
4736 6.028252
4737 6.026623
4738 6.024995
4739 6.023369
4740 6.021743
4741 6.020118
4742 6.018494
4743 6.016871
4744 6.015249
4745 6.013628
4746 6.012008
4747 6.010389
4748 6.008770
4749 6.007153
4750 6.005537
4751 6.003921
4752 6.002307
4753 6.000693
4754 5.999080
4755 5.997469
4756 5.995858
4757 5.994248
4758 5.992639
4759 5.991031
4760 5.989424
4761 5.987818
4762 5.986212
4763 5.984608
4764 5.983005
4765 5.981402
4766 5.979801
4767 5.978200
4768 5.976600
4769 5.975002
4770 5.973404
4771 5.971807
4772 5.970211
4773 5.968616
4774 5.967022
4775 5.965428
4776 5.963836
4777 5.962245
4778 5.960654
4779 5.959064
4780 5.957476
4781 5.955888
4782 5.954301
4783 5.952715
4784 5.951130
4785 5.949546
4786 5.947963
4787 5.946380
4788 5.944799
4789 5.943218
4790 5.941639
4791 5.940060
4792 5.938482
4793 5.936905
4794 5.935329
4795 5.933754
4796 5.932180
4797 5.930607
4798 5.929034
4799 5.927463
4800 5.925892
4801 5.924323
4802 5.922754
4803 5.921186
4804 5.919619
4805 5.918053
4806 5.916487
4807 5.914923
4808 5.913360
4809 5.911797
4810 5.910235
4811 5.908675
4812 5.907115
4813 5.905556
4814 5.903998
4815 5.902440
4816 5.900884
4817 5.899329
4818 5.897774
4819 5.896220
4820 5.894668
4821 5.893116
4822 5.891565
4823 5.890014
4824 5.888465
4825 5.886917
4826 5.885369
4827 5.883823
4828 5.882277
4829 5.880732
4830 5.879188
4831 5.877645
4832 5.876103
4833 5.874561
4834 5.873021
4835 5.871481
4836 5.869942
4837 5.868404
4838 5.866867
4839 5.865331
4840 5.863796
4841 5.862261
4842 5.860728
4843 5.859195
4844 5.857663
4845 5.856132
4846 5.854602
4847 5.853073
4848 5.851545
4849 5.850017
4850 5.848491
4851 5.846965
4852 5.845440
4853 5.843916
4854 5.842393
4855 5.840870
4856 5.839349
4857 5.837828
4858 5.836308
4859 5.834789
4860 5.833271
4861 5.831754
4862 5.830238
4863 5.828722
4864 5.827208
4865 5.825694
4866 5.824181
4867 5.822669
4868 5.821157
4869 5.819647
4870 5.818138
4871 5.816629
4872 5.815121
4873 5.813614
4874 5.812108
4875 5.810602
4876 5.809098
4877 5.807594
4878 5.806091
4879 5.804589
4880 5.803088
4881 5.801588
4882 5.800089
4883 5.798590
4884 5.797092
4885 5.795595
4886 5.794099
4887 5.792604
4888 5.791110
4889 5.789616
4890 5.788123
4891 5.786631
4892 5.785140
4893 5.783650
4894 5.782161
4895 5.780672
4896 5.779184
4897 5.777697
4898 5.776211
4899 5.774726
4900 5.773241
4901 5.771758
4902 5.770275
4903 5.768793
4904 5.767312
4905 5.765832
4906 5.764352
4907 5.762873
4908 5.761396
4909 5.759919
4910 5.758442
4911 5.756967
4912 5.755492
4913 5.754019
4914 5.752546
4915 5.751074
4916 5.749602
4917 5.748132
4918 5.746662
4919 5.745193
4920 5.743725
4921 5.742258
4922 5.740792
4923 5.739326
4924 5.737861
4925 5.736397
4926 5.734934
4927 5.733472
4928 5.732010
4929 5.730549
4930 5.729089
4931 5.727630
4932 5.726172
4933 5.724714
4934 5.723258
4935 5.721802
4936 5.720347
4937 5.718892
4938 5.717439
4939 5.715986
4940 5.714534
4941 5.713083
4942 5.711633
4943 5.710183
4944 5.708735
4945 5.707287
4946 5.705840
4947 5.704393
4948 5.702948
4949 5.701503
4950 5.700059
4951 5.698616
4952 5.697174
4953 5.695732
4954 5.694292
4955 5.692852
4956 5.691412
4957 5.689974
4958 5.688536
4959 5.687100
4960 5.685664
4961 5.684228
4962 5.682794
4963 5.681360
4964 5.679928
4965 5.678495
4966 5.677064
4967 5.675634
4968 5.674204
4969 5.672775
4970 5.671347
4971 5.669919
4972 5.668493
4973 5.667067
4974 5.665642
4975 5.664218
4976 5.662794
4977 5.661372
4978 5.659950
4979 5.658528
4980 5.657108
4981 5.655689
4982 5.654270
4983 5.652852
4984 5.651434
4985 5.650018
4986 5.648602
4987 5.647187
4988 5.645773
4989 5.644360
4990 5.642947
4991 5.641535
4992 5.640124
4993 5.638714
4994 5.637304
4995 5.635895
4996 5.634487
4997 5.633080
4998 5.631673
4999 5.630268
5000 5.628863
