1 888.241154
2 888.241067
3 888.240583
4 888.240701
5 888.240846
6 888.240690
7 888.240565
8 888.240046
9 888.239995
10 888.239716
11 888.236373
12 888.235429
13 888.234932
14 888.234975
15 888.234988
16 888.235272
17 888.235382
18 888.234783
19 888.234744
20 888.234414
21 888.234618
22 888.231024
23 888.231193
24 888.231396
25 888.231184
26 888.231229
27 888.231008
28 888.231127
29 888.230299
30 888.229284
31 888.229265
32 888.229215
33 888.229302
34 888.228600
35 888.228471
36 888.228548
37 888.227811
38 888.227298
39 888.227124
40 888.223503
41 888.219884
42 888.219849
43 888.220219
44 888.218644
45 888.218420
46 888.218485
47 888.217535
48 888.217940
49 888.216672
50 888.215632
51 888.215458
52 888.215321
53 888.215085
54 888.215058
55 888.212978
56 888.213129
57 888.212878
58 888.212714
59 888.212455
60 888.212096
61 888.212228
62 888.212353
63 888.211220
64 888.211117
65 888.209124
66 888.208354
67 888.207144
68 888.206820
69 888.206510
70 888.205559
71 888.205269
72 888.205162
73 888.205246
74 888.204807
75 888.204717
76 888.204957
77 888.203595
78 888.203016
79 888.202851
80 888.202746
81 888.202152
82 888.201771
83 888.201844
84 888.201651
85 888.201568
86 888.202049
87 888.198710
88 888.198485
89 888.198298
90 888.198368
91 888.198265
92 888.197474
93 888.195488
94 888.194979
95 888.194904
96 888.194673
97 888.194305
98 888.194267
99 888.194250
100 888.192917
101 888.192055
102 888.191676
103 888.192046
104 888.191190
105 888.191082
106 888.190519
107 888.188560
108 888.188365
109 888.184101
110 888.184143
111 888.183747
112 888.183825
113 888.183429
114 888.182632
115 888.182459
116 888.182666
117 888.182822
118 888.181975
119 888.181309
120 888.181252
121 888.180730
122 888.180824
123 888.180502
124 888.180444
125 888.180300
126 888.180328
127 888.180048
128 888.180033
129 888.179709
130 888.178328
131 888.176700
132 888.176663
133 888.176726
134 888.176646
135 888.176381
136 888.176870
137 888.177578
138 888.177217
139 888.177005
140 888.175797
141 888.175248
142 888.174810
143 888.174944
144 888.174425
145 888.173671
146 888.174163
147 888.174505
148 888.174596
149 888.174836
150 888.174654
151 888.174253
152 888.173888
153 888.174346
154 888.174690
155 888.174745
156 888.174652
157 888.174703
158 888.174929
159 888.174676
160 888.173136
161 888.172337
162 888.172107
163 888.171956
164 888.171427
165 888.171361
166 888.171441
167 888.171786
168 888.171835
169 888.170860
170 888.170541
171 888.170537
172 888.170515
173 888.170788
174 888.170591
175 888.170285
176 888.169645
177 888.169561
178 888.169503
179 888.169429
180 888.169188
181 888.169068
182 888.168970
183 888.168711
184 888.168159
185 888.167581
186 888.167057
187 888.167011
188 888.167037
189 888.166750
190 888.166844
191 888.167081
192 888.167115
193 888.166541
194 888.163196
195 888.163491
196 888.163961
197 888.163838
198 888.163305
199 888.163725
200 888.163726
201 888.163849
202 888.163762
203 888.163225
204 888.162188
205 888.162216
206 888.162048
207 888.161821
208 888.161717
209 888.160610
210 888.159173
211 888.158480
212 888.157926
213 888.158092
214 888.158411
215 888.158594
216 888.158445
217 888.158443
218 888.158474
219 888.158262
220 888.158239
221 888.158027
222 888.157985
223 888.156733
224 888.156299
225 888.156344
226 888.153925
227 888.153713
228 888.154047
229 888.153701
230 888.148458
231 888.148646
232 888.148328
233 888.148316
234 888.146429
235 888.146096
236 888.146017
237 888.145757
238 888.139993
239 888.140485
240 888.140454
241 888.140358
242 888.140518
243 888.140649
244 888.139869
245 888.139677
246 888.140100
247 888.139748
248 888.139597
249 888.139430
250 888.139730
251 888.138504
252 888.138640
253 888.138233
254 888.138078
255 888.136065
256 888.135896
257 888.135770
258 888.135763
259 888.135544
260 888.134756
261 888.134355
262 888.133930
263 888.133636
264 888.132510
265 888.132064
266 888.132050
267 888.131935
268 888.132069
269 888.129750
270 888.129586
271 888.129764
272 888.127731
273 888.126984
274 888.127022
275 888.124867
276 888.124853
277 888.124952
278 888.125079
279 888.124578
280 888.124030
281 888.123730
282 888.123533
283 888.122856
284 888.122454
285 888.122013
286 888.121674
287 888.121409
288 888.120107
289 888.119551
290 888.118889
291 888.118263
292 888.117007
293 888.116826
294 888.111686
295 888.111138
296 888.111554
297 888.111629
298 888.111323
299 888.106052
300 888.106760
301 888.106516
302 888.106545
303 888.105306
304 888.103741
305 888.103813
306 888.104088
307 888.103817
308 888.103724
309 888.103449
310 888.103277
311 888.103765
312 888.103888
313 888.103778
314 888.102819
315 888.103043
316 888.102443
317 888.101942
318 888.102002
319 888.102244
320 888.102106
321 888.102115
322 888.101746
323 888.100582
324 888.098705
325 888.099278
326 888.098686
327 888.098366
328 888.097569
329 888.097914
330 888.097461
331 888.097306
332 888.097256
333 888.097341
334 888.097383
335 888.096667
336 888.096434
337 888.095751
338 888.095125
339 888.091637
340 888.091139
341 888.091096
342 888.091046
343 888.090427
344 888.089896
345 888.089047
346 888.085599
347 888.085776
348 888.082737
349 888.081810
350 888.082787
351 888.083049
352 888.083379
353 888.083194
354 888.083103
355 888.083040
356 888.083539
357 888.083035
358 888.083192
359 888.082694
360 888.082795
361 888.082038
362 888.077265
363 888.077003
364 888.076981
365 888.076914
366 888.077385
367 888.077602
368 888.077804
369 888.077450
370 888.075770
371 888.072279
372 888.072016
373 888.071932
374 888.071544
375 888.071223
376 888.071114
377 888.071040
378 888.071976
379 888.071104
380 888.071050
381 888.071024
382 888.071073
383 888.070571
384 888.070662
385 888.070085
386 888.069883
387 888.069225
388 888.069133
389 888.068955
390 888.068987
391 888.069039
392 888.067491
393 888.067827
394 888.067540
395 888.067527
396 888.068106
397 888.067785
398 888.067847
399 888.065774
400 888.064796
401 888.062692
402 888.062546
403 888.062298
404 888.062168
405 888.062287
406 888.062240
407 888.062300
408 888.062348
409 888.062562
410 888.061783
411 888.061668
412 888.061139
413 888.061898
414 888.061602
415 888.061481
416 888.061346
417 888.059901
418 888.056489
419 888.056448
420 888.056148
421 888.056152
422 888.056378
423 888.055001
424 888.054995
425 888.055216
426 888.054973
427 888.054959
428 888.055155
429 888.053647
430 888.049854
431 888.050500
432 888.049605
433 888.049447
434 888.049566
435 888.049217
436 888.049256
437 888.048110
438 888.045627
439 888.045508
440 888.044808
441 888.044520
442 888.044002
443 888.041266
444 888.039034
445 888.038200
446 888.038086
447 888.037999
448 888.037958
449 888.031976
450 888.032901
451 888.029439
452 888.026132
453 888.026117
454 888.026160
455 888.026135
456 888.026029
457 888.025858
458 888.025517
459 888.025068
460 888.025622
461 888.025244
462 888.025553
463 888.025856
464 888.025753
465 888.025689
466 888.025332
467 888.025588
468 888.025428
469 888.025786
470 888.025718
471 888.020314
472 888.020789
473 888.020183
474 888.018795
475 888.018634
476 888.018481
477 888.018548
478 888.017489
479 888.017638
480 888.017210
481 888.017081
482 888.015637
483 888.015261
484 888.015325
485 888.015106
486 888.014756
487 888.014720
488 888.014854
489 888.014693
490 888.014391
491 888.014625
492 888.013933
493 888.010471
494 888.010560
495 888.009822
496 888.008749
497 888.008846
498 888.009335
499 888.009767
500 888.009602
501 888.009531
502 888.009597
503 888.009166
504 888.009355
505 888.009366
506 888.009267
507 888.009567
508 888.008958
509 888.008953
510 888.009010
511 888.008556
512 888.003030
513 888.001759
514 888.001600
515 888.001048
516 888.000790
517 888.000720
518 888.000788
519 888.001115
520 888.000892
521 888.000371
522 888.000399
523 888.000289
524 887.999952
525 888.000587
526 888.000284
527 887.999934
528 887.994898
529 887.994900
530 887.994967
531 887.994796
532 887.994757
533 887.993545
534 887.993583
535 887.993881
536 887.993872
537 887.991786
538 887.991355
539 887.990455
540 887.990331
541 887.989906
542 887.990013
543 887.990080
544 887.990128
545 887.990506
546 887.990271
547 887.989975
548 887.987646
549 887.987619
550 887.987467
551 887.986366
552 887.986813
553 887.986647
554 887.985931
555 887.986127
556 887.984735
557 887.981200
558 887.979047
559 887.978708
560 887.977788
561 887.975834
562 887.975680
563 887.976427
564 887.975862
565 887.975730
566 887.975669
567 887.975539
568 887.975436
569 887.974965
570 887.974514
571 887.974454
572 887.974245
573 887.973954
574 887.973706
575 887.973311
576 887.972723
577 887.972298
578 887.971897
579 887.970871
580 887.970322
581 887.970337
582 887.970263
583 887.970301
584 887.969950
585 887.970122
586 887.970873
587 887.970825
588 887.968736
589 887.968707
590 887.968205
591 887.967825
592 887.967665
593 887.967689
594 887.968165
595 887.968093
596 887.968702
597 887.968794
598 887.968676
599 887.967923
600 887.966966
601 887.966561
602 887.966072
603 887.965680
604 887.965499
605 887.960381
606 887.960182
607 887.960262
608 887.960069
609 887.958686
610 887.958682
611 887.958689
612 887.953382
613 887.953084
614 887.952973
615 887.953352
616 887.953151
617 887.953304
618 887.951638
619 887.951550
620 887.951495
621 887.950398
622 887.949670
623 887.948537
624 887.948351
625 887.947109
626 887.947700
627 887.947843
628 887.948624
629 887.948759
630 887.948211
631 887.948236
632 887.942948
633 887.942895
634 887.942812
635 887.942365
636 887.941322
637 887.941251
638 887.941130
639 887.941108
640 887.941121
641 887.941319
642 887.941273
643 887.941207
644 887.940404
645 887.940203
646 887.940291
647 887.938757
648 887.938791
649 887.938239
650 887.937045
651 887.937325
652 887.935012
653 887.933010
654 887.932499
655 887.928992
656 887.928816
657 887.929160
658 887.928510
659 887.928034
660 887.926073
661 887.925970
662 887.926263
663 887.926568
664 887.925105
665 887.925026
666 887.924922
667 887.924476
668 887.924091
669 887.923608
670 887.923290
671 887.923880
672 887.924370
673 887.924538
674 887.924299
675 887.924786
676 887.924353
677 887.923742
678 887.923305
679 887.923048
680 887.922945
681 887.923546
682 887.923635
683 887.923492
684 887.922300
685 887.921655
686 887.921238
687 887.921150
688 887.921420
689 887.915663
690 887.915954
691 887.916531
692 887.916376
693 887.913011
694 887.911895
695 887.911441
696 887.911179
697 887.910976
698 887.911049
699 887.911131
700 887.910983
701 887.909787
702 887.909790
703 887.909845
704 887.909259
705 887.909238
706 887.909456
707 887.909574
708 887.909800
709 887.909278
710 887.909917
711 887.910001
712 887.910362
713 887.910111
714 887.910138
715 887.910118
716 887.909505
717 887.909455
718 887.909815
719 887.908788
720 887.909069
721 887.909062
722 887.904738
723 887.904382
724 887.903682
725 887.902585
726 887.901162
727 887.899591
728 887.899204
729 887.899000
730 887.898716
731 887.899353
732 887.894157
733 887.893780
734 887.893828
735 887.892798
736 887.892981
737 887.893013
738 887.893477
739 887.893553
740 887.893655
741 887.893411
742 887.893154
743 887.892585
744 887.892642
745 887.892385
746 887.892209
747 887.892105
748 887.892064
749 887.890979
750 887.890683
751 887.887263
752 887.886988
753 887.886523
754 887.886657
755 887.886376
756 887.886194
757 887.886339
758 887.885709
759 887.886289
760 887.886221
761 887.880900
762 887.880883
763 887.880676
764 887.880400
765 887.879897
766 887.879962
767 887.879674
768 887.879373
769 887.879156
770 887.880036
771 887.879991
772 887.879976
773 887.879812
774 887.879958
775 887.880195
776 887.880460
777 887.880103
778 887.876218
779 887.876275
780 887.876105
781 887.876089
782 887.874414
783 887.874898
784 887.874052
785 887.874060
786 887.874505
787 887.873639
788 887.873425
789 887.872975
790 887.872133
791 887.871013
792 887.869417
793 887.868831
794 887.866525
795 887.860439
796 887.860022
797 887.859811
798 887.859524
799 887.859918
800 887.859597
801 887.858810
802 887.858130
803 887.857707
804 887.857513
805 887.857319
806 887.857452
807 887.857041
808 887.856994
809 887.856506
810 887.856232
811 887.856125
812 887.854058
813 887.853982
814 887.854105
815 887.853821
816 887.853463
817 887.853412
818 887.853438
819 887.853309
820 887.852992
821 887.853096
822 887.852924
823 887.853101
824 887.852189
825 887.852253
826 887.851416
827 887.851575
828 887.851716
829 887.848698
830 887.848404
831 887.848576
832 887.847291
833 887.846699
834 887.845546
835 887.845648
836 887.845529
837 887.845082
838 887.844985
839 887.844953
840 887.843972
841 887.844073
842 887.844133
843 887.843693
844 887.843712
845 887.843564
846 887.843084
847 887.843194
848 887.843030
849 887.843621
850 887.843558
851 887.843618
852 887.844044
853 887.843897
854 887.843618
855 887.843520
856 887.842828
857 887.841415
858 887.840929
859 887.838635
860 887.838613
861 887.838274
862 887.838289
863 887.836701
864 887.836899
865 887.836604
866 887.837008
867 887.836510
868 887.835634
869 887.835350
870 887.835383
871 887.835076
872 887.835087
873 887.835274
874 887.834790
875 887.835156
876 887.835175
877 887.834670
878 887.834430
879 887.834017
880 887.833969
881 887.833626
882 887.833680
883 887.832816
884 887.829687
885 887.829235
886 887.828092
887 887.825809
888 887.825550
889 887.825811
890 887.823653
891 887.823531
892 887.823586
893 887.821284
894 887.821059
895 887.821098
896 887.820624
897 887.820646
898 887.821114
899 887.821615
900 887.821262
901 887.820485
902 887.820296
903 887.820925
904 887.820358
905 887.820462
906 887.819878
907 887.819414
908 887.819024
909 887.813763
910 887.814461
911 887.813981
912 887.812811
913 887.811505
914 887.811135
915 887.811070
916 887.810737
917 887.809507
918 887.809511
919 887.807420
920 887.807271
921 887.806614
922 887.806804
923 887.806780
924 887.806491
925 887.806345
926 887.806247
927 887.806414
928 887.805755
929 887.803428
930 887.803403
931 887.803390
932 887.803667
933 887.803803
934 887.803753
935 887.803061
936 887.803111
937 887.803189
938 887.803125
939 887.801949
940 887.801118
941 887.801161
942 887.801026
943 887.801014
944 887.800654
945 887.800295
946 887.800367
947 887.800218
948 887.796856
949 887.796513
950 887.796645
951 887.797043
952 887.796585
953 887.795586
954 887.795906
955 887.792411
956 887.790335
957 887.789899
958 887.787808
959 887.787420
960 887.787201
961 887.787000
962 887.785981
963 887.785832
964 887.785464
965 887.785333
966 887.780077
967 887.779340
968 887.778762
969 887.778758
970 887.775710
971 887.775740
972 887.775777
973 887.773538
974 887.772754
975 887.772441
976 887.769132
977 887.768415
978 887.768392
979 887.768307
980 887.768338
981 887.768192
982 887.767969
983 887.767449
984 887.767207
985 887.764735
986 887.764613
987 887.764341
988 887.764729
989 887.763368
990 887.763943
991 887.763984
992 887.763465
993 887.763380
994 887.763264
995 887.762906
996 887.762559
997 887.762120
998 887.761826
999 887.760577
1000 887.760745
1001 887.758577
1002 887.758746
1003 887.758634
1004 887.758797
1005 887.759094
1006 887.755384
1007 887.755360
1008 887.755503
1009 887.755193
1010 887.755587
1011 887.755051
1012 887.755021
1013 887.755108
1014 887.755324
1015 887.755042
1016 887.754426
1017 887.753828
1018 887.754003
1019 887.753690
1020 887.753145
1021 887.752715
1022 887.752126
1023 887.751823
1024 887.751313
1025 887.751241
1026 887.749936
1027 887.749510
1028 887.749581
1029 887.749503
1030 887.748312
1031 887.748201
1032 887.748318
1033 887.748402
1034 887.748740
1035 887.748691
1036 887.748351
1037 887.747520
1038 887.747565
1039 887.747361
1040 887.747106
1041 887.746994
1042 887.746703
1043 887.746915
1044 887.746843
1045 887.746982
1046 887.746614
1047 887.745575
1048 887.745169
1049 887.745033
1050 887.744987
1051 887.744642
1052 887.744719
1053 887.744322
1054 887.742764
1055 887.742522
1056 887.742026
1057 887.741368
1058 887.740910
1059 887.739206
1060 887.739127
1061 887.739840
1062 887.739517
1063 887.739294
1064 887.738396
1065 887.738362
1066 887.737651
1067 887.737411
1068 887.736633
1069 887.736510
1070 887.736124
1071 887.736065
1072 887.735861
1073 887.736358
1074 887.736105
1075 887.735628
1076 887.735557
1077 887.735568
1078 887.735733
1079 887.735869
1080 887.735873
1081 887.735857
1082 887.735681
1083 887.735105
1084 887.734652
1085 887.734563
1086 887.734841
1087 887.730967
1088 887.731209
1089 887.730208
1090 887.730182
1091 887.730051
1092 887.729256
1093 887.729494
1094 887.729852
1095 887.729727
1096 887.728526
1097 887.727318
1098 887.726995
1099 887.726838
1100 887.726745
1101 887.726773
1102 887.726674
1103 887.726012
1104 887.723807
1105 887.723793
1106 887.723887
1107 887.723563
1108 887.723572
1109 887.723505
1110 887.723332
1111 887.722843
1112 887.722992
1113 887.721803
1114 887.721984
1115 887.721748
1116 887.721860
1117 887.720643
1118 887.719846
1119 887.718512
1120 887.718526
1121 887.718012
1122 887.717979
1123 887.715618
1124 887.714233
1125 887.714034
1126 887.714156
1127 887.714202
1128 887.714227
1129 887.714372
1130 887.712179
1131 887.712203
1132 887.712318
1133 887.712217
1134 887.711775
1135 887.711749
1136 887.711203
1137 887.711044
1138 887.711253
1139 887.711130
1140 887.711141
1141 887.709603
1142 887.710475
1143 887.710438
1144 887.710144
1145 887.710244
1146 887.710711
1147 887.710049
1148 887.710026
1149 887.710021
1150 887.709872
1151 887.709693
1152 887.709388
1153 887.709227
1154 887.707914
1155 887.707751
1156 887.707407
1157 887.707423
1158 887.706826
1159 887.707417
1160 887.707504
1161 887.707079
1162 887.705866
1163 887.705260
1164 887.704203
1165 887.704265
1166 887.704258
1167 887.704070
1168 887.703655
1169 887.703486
1170 887.703199
1171 887.702946
1172 887.702844
1173 887.702093
1174 887.702082
1175 887.702072
1176 887.702312
1177 887.702101
1178 887.701417
1179 887.700701
1180 887.700338
1181 887.700340
1182 887.696945
1183 887.696073
1184 887.696156
1185 887.696190
1186 887.695981
1187 887.695983
1188 887.695174
1189 887.695247
1190 887.695133
1191 887.695148
1192 887.695759
1193 887.695750
1194 887.694015
1195 887.691997
1196 887.691958
1197 887.686700
1198 887.685782
1199 887.685538
1200 887.684620
1201 887.684600
1202 887.684589
1203 887.684604
1204 887.684500
1205 887.684684
1206 887.684215
1207 887.680653
1208 887.680685
1209 887.681115
1210 887.681201
1211 887.680650
1212 887.680489
1213 887.678376
1214 887.677330
1215 887.672486
1216 887.668817
1217 887.668383
1218 887.668353
1219 887.668522
1220 887.666285
1221 887.665273
1222 887.664787
1223 887.663988
1224 887.664298
1225 887.664373
1226 887.664377
1227 887.664299
1228 887.664044
1229 887.663908
1230 887.663773
1231 887.663934
1232 887.664098
1233 887.663907
1234 887.663299
1235 887.663478
1236 887.663414
1237 887.663375
1238 887.662674
1239 887.662145
1240 887.662228
1241 887.660034
1242 887.659921
1243 887.659938
1244 887.659653
1245 887.659468
1246 887.659524
1247 887.659164
1248 887.659105
1249 887.657903
1250 887.652169
1251 887.651968
1252 887.652052
1253 887.650668
1254 887.650699
1255 887.650413
1256 887.650422
1257 887.651015
1258 887.651464
1259 887.651214
1260 887.651141
1261 887.651406
1262 887.651354
1263 887.651398
1264 887.650610
1265 887.650620
1266 887.650186
1267 887.650313
1268 887.650143
1269 887.648966
1270 887.649228
1271 887.646370
1272 887.646085
1273 887.645343
1274 887.644688
1275 887.644754
1276 887.644327
1277 887.644360
1278 887.644216
1279 887.640738
1280 887.640149
1281 887.640023
1282 887.640333
1283 887.639092
1284 887.638210
1285 887.638339
1286 887.638431
1287 887.637971
1288 887.638093
1289 887.638075
1290 887.637989
1291 887.637393
1292 887.635754
1293 887.635599
1294 887.635535
1295 887.635670
1296 887.635213
1297 887.634373
1298 887.631394
1299 887.632286
1300 887.632333
1301 887.631931
1302 887.631670
1303 887.631151
1304 887.632050
1305 887.631960
1306 887.625768
1307 887.625507
1308 887.625485
1309 887.624240
1310 887.624606
1311 887.625011
1312 887.624648
1313 887.624671
1314 887.624743
1315 887.624340
1316 887.623486
1317 887.623325
1318 887.623367
1319 887.622653
1320 887.622175
1321 887.621939
1322 887.621618
1323 887.621806
1324 887.621552
1325 887.621629
1326 887.621716
1327 887.621708
1328 887.621012
1329 887.620650
1330 887.620865
1331 887.620716
1332 887.620726
1333 887.620542
1334 887.617156
1335 887.617123
1336 887.617035
1337 887.616977
1338 887.617040
1339 887.616988
1340 887.617642
1341 887.616818
1342 887.616875
1343 887.617010
1344 887.617115
1345 887.614847
1346 887.614542
1347 887.614440
1348 887.614256
1349 887.614481
1350 887.614470
1351 887.614496
1352 887.613987
1353 887.614422
1354 887.614274
1355 887.608992
1356 887.608948
1357 887.605491
1358 887.602346
1359 887.599764
1360 887.598928
1361 887.599618
1362 887.599561
1363 887.597459
1364 887.597105
1365 887.592832
1366 887.592718
1367 887.592881
1368 887.591739
1369 887.591740
1370 887.586495
1371 887.586083
1372 887.586104
1373 887.585910
1374 887.585964
1375 887.583654
1376 887.581961
1377 887.580558
1378 887.579911
1379 887.580189
1380 887.580034
1381 887.579685
1382 887.573946
1383 887.573511
1384 887.573676
1385 887.573000
1386 887.569562
1387 887.568178
1388 887.568086
1389 887.567980
1390 887.567902
1391 887.567771
1392 887.567510
1393 887.567464
1394 887.567358
1395 887.567431
1396 887.567056
1397 887.567296
1398 887.566701
1399 887.566780
1400 887.566501
1401 887.566222
1402 887.565612
1403 887.565549
1404 887.565758
1405 887.564852
1406 887.564439
1407 887.562810
1408 887.562834
1409 887.562032
1410 887.561817
1411 887.561842
1412 887.561242
1413 887.560138
1414 887.559851
1415 887.559301
1416 887.559545
1417 887.558915
1418 887.558587
1419 887.555217
1420 887.554056
1421 887.553777
1422 887.553940
1423 887.553771
1424 887.553925
1425 887.552502
1426 887.552704
1427 887.552924
1428 887.553226
1429 887.552283
1430 887.552568
1431 887.552340
1432 887.552354
1433 887.552212
1434 887.552241
1435 887.552797
1436 887.550909
1437 887.551109
1438 887.550938
1439 887.545124
1440 887.543268
1441 887.543291
1442 887.543629
1443 887.543653
1444 887.541840
1445 887.541050
1446 887.540968
1447 887.540877
1448 887.540865
1449 887.539638
1450 887.538985
1451 887.538067
1452 887.538552
1453 887.538534
1454 887.538340
1455 887.538392
1456 887.538456
1457 887.538471
1458 887.538481
1459 887.538169
1460 887.538091
1461 887.536365
1462 887.536108
1463 887.535130
1464 887.535261
1465 887.535297
1466 887.535279
1467 887.535293
1468 887.535474
1469 887.535128
1470 887.535446
1471 887.534943
1472 887.533495
1473 887.533931
1474 887.533795
1475 887.531283
1476 887.531282
1477 887.531759
1478 887.531800
1479 887.532329
1480 887.531914
1481 887.531604
1482 887.530878
1483 887.530617
1484 887.526969
1485 887.525188
1486 887.525129
1487 887.525235
1488 887.523666
1489 887.522907
1490 887.522035
1491 887.522300
1492 887.522177
1493 887.521571
1494 887.521024
1495 887.520779
1496 887.520779
1497 887.520705
1498 887.520090
1499 887.520183
1500 887.519749
1501 887.517390
1502 887.516117
1503 887.515528
1504 887.515573
1505 887.515625
1506 887.513342
1507 887.510816
1508 887.510673
1509 887.510333
1510 887.510222
1511 887.510247
1512 887.510329
1513 887.510200
1514 887.510154
1515 887.510087
1516 887.509957
1517 887.510430
1518 887.510471
1519 887.510395
1520 887.509823
1521 887.509189
1522 887.508370
1523 887.508872
1524 887.508756
1525 887.508981
1526 887.507830
1527 887.507959
1528 887.507972
1529 887.507373
1530 887.507519
1531 887.506047
1532 887.506101
1533 887.506120
1534 887.506226
1535 887.506398
1536 887.502705
1537 887.502127
1538 887.498585
1539 887.498656
1540 887.498195
1541 887.497676
1542 887.497688
1543 887.497439
1544 887.497423
1545 887.496803
1546 887.496478
1547 887.496346
1548 887.496399
1549 887.496243
1550 887.496336
1551 887.495819
1552 887.496296
1553 887.496438
1554 887.496688
1555 887.495929
1556 887.496001
1557 887.495977
1558 887.494923
1559 887.494960
1560 887.495885
1561 887.495677
1562 887.495649
1563 887.495592
1564 887.494220
1565 887.494615
1566 887.495311
1567 887.494795
1568 887.495136
1569 887.495744
1570 887.495556
1571 887.495836
1572 887.495199
1573 887.495258
1574 887.495176
1575 887.495140
1576 887.495131
1577 887.495168
1578 887.494169
1579 887.488838
1580 887.488614
1581 887.488392
1582 887.488116
1583 887.488473
1584 887.488532
1585 887.488504
1586 887.487995
1587 887.487831
1588 887.487169
1589 887.487972
1590 887.486921
1591 887.486908
1592 887.487368
1593 887.485440
1594 887.485423
1595 887.483423
1596 887.480616
1597 887.477275
1598 887.477056
1599 887.476758
1600 887.476621
1601 887.475315
1602 887.472702
1603 887.472284
1604 887.472287
1605 887.471907
1606 887.472325
1607 887.468740
1608 887.468085
1609 887.468052
1610 887.467774
1611 887.467716
1612 887.467916
1613 887.467876
1614 887.467919
1615 887.467905
1616 887.467910
1617 887.464414
1618 887.463689
1619 887.463485
1620 887.463344
1621 887.463421
1622 887.462918
1623 887.462760
1624 887.462718
1625 887.461896
1626 887.461238
1627 887.461262
1628 887.461529
1629 887.461987
1630 887.461105
1631 887.461093
1632 887.461025
1633 887.460813
1634 887.458440
1635 887.454851
1636 887.454375
1637 887.453864
1638 887.453796
1639 887.453726
1640 887.453374
1641 887.452213
1642 887.452651
1643 887.452441
1644 887.452401
1645 887.452435
1646 887.452507
1647 887.452422
1648 887.451861
1649 887.451841
1650 887.451858
1651 887.452028
1652 887.451668
1653 887.450801
1654 887.449656
1655 887.449672
1656 887.449854
1657 887.449542
1658 887.449583
1659 887.449631
1660 887.449363
1661 887.449242
1662 887.448714
1663 887.449393
1664 887.449296
1665 887.449347
1666 887.449316
1667 887.449080
1668 887.449082
1669 887.449613
1670 887.449659
1671 887.449636
1672 887.449617
1673 887.449760
1674 887.449991
1675 887.446546
1676 887.446274
1677 887.446664
1678 887.446508
1679 887.444297
1680 887.442972
1681 887.443047
1682 887.443056
1683 887.442798
1684 887.443681
1685 887.443531
1686 887.443722
1687 887.442967
1688 887.442795
1689 887.443282
1690 887.443347
1691 887.443303
1692 887.443200
1693 887.444310
1694 887.443663
1695 887.443797
1696 887.444054
1697 887.444152
1698 887.444079
1699 887.443991
1700 887.444918
1701 887.444846
1702 887.444572
1703 887.444535
1704 887.444151
1705 887.444025
1706 887.440593
1707 887.440394
1708 887.440140
1709 887.440225
1710 887.440088
1711 887.439947
1712 887.440468
1713 887.440210
1714 887.439426
1715 887.439478
1716 887.437217
1717 887.436772
1718 887.436121
1719 887.435658
1720 887.436121
1721 887.435946
1722 887.436214
1723 887.434446
1724 887.433545
1725 887.433660
1726 887.433003
1727 887.429252
1728 887.429114
1729 887.428927
1730 887.428688
1731 887.428523
1732 887.428589
1733 887.428501
1734 887.425066
1735 887.425103
1736 887.425098
1737 887.423193
1738 887.420829
1739 887.421026
1740 887.420765
1741 887.420626
1742 887.420710
1743 887.420758
1744 887.420752
1745 887.418577
1746 887.418544
1747 887.417966
1748 887.417552
1749 887.417597
1750 887.417538
1751 887.417603
1752 887.417630
1753 887.417474
1754 887.417548
1755 887.416456
1756 887.415679
1757 887.415252
1758 887.412230
1759 887.412472
1760 887.412005
1761 887.411091
1762 887.411192
1763 887.411277
1764 887.411009
1765 887.411071
1766 887.411560
1767 887.411396
1768 887.411081
1769 887.411402
1770 887.411499
1771 887.409061
1772 887.408306
1773 887.408780
1774 887.407854
1775 887.407963
1776 887.402620
1777 887.401396
1778 887.401404
1779 887.400696
1780 887.400788
1781 887.400836
1782 887.400562
1783 887.400640
1784 887.401192
1785 887.401442
1786 887.401289
1787 887.400624
1788 887.400321
1789 887.400406
1790 887.400809
1791 887.400556
1792 887.399897
1793 887.399872
1794 887.399630
1795 887.400270
1796 887.399930
1797 887.398808
1798 887.399349
1799 887.399100
1800 887.399097
1801 887.399043
1802 887.398549
1803 887.398597
1804 887.398569
1805 887.398281
1806 887.395039
1807 887.394629
1808 887.394871
1809 887.395009
1810 887.394958
1811 887.395099
1812 887.394249
1813 887.394058
1814 887.394078
1815 887.394147
1816 887.394260
1817 887.394037
1818 887.393936
1819 887.393929
1820 887.393561
1821 887.393324
1822 887.393247
1823 887.393001
1824 887.392567
1825 887.392397
1826 887.392063
1827 887.392004
1828 887.392054
1829 887.391967
1830 887.390851
1831 887.390575
1832 887.390726
1833 887.390447
1834 887.390073
1835 887.389813
1836 887.389882
1837 887.388980
1838 887.389000
1839 887.386991
1840 887.386662
1841 887.386218
1842 887.386805
1843 887.386801
1844 887.386899
1845 887.387448
1846 887.387230
1847 887.387109
1848 887.386853
1849 887.386171
1850 887.385583
1851 887.385786
1852 887.385484
1853 887.385597
1854 887.385151
1855 887.384518
1856 887.383746
1857 887.380477
1858 887.379652
1859 887.379167
1860 887.379043
1861 887.378827
1862 887.379672
1863 887.379908
1864 887.380605
1865 887.380379
1866 887.380119
1867 887.380214
1868 887.380157
1869 887.380153
1870 887.379762
1871 887.379642
1872 887.379667
1873 887.379832
1874 887.380661
1875 887.380037
1876 887.379789
1877 887.379230
1878 887.378944
1879 887.378522
1880 887.376942
1881 887.376875
1882 887.376303
1883 887.376263
1884 887.376215
1885 887.376027
1886 887.375593
1887 887.375726
1888 887.376707
1889 887.377057
1890 887.376807
1891 887.376539
1892 887.375791
1893 887.375511
1894 887.375051
1895 887.372209
1896 887.372372
1897 887.371707
1898 887.371501
1899 887.371059
1900 887.371052
1901 887.369923
1902 887.369398
1903 887.369065
1904 887.368591
1905 887.368267
1906 887.367979
1907 887.368044
1908 887.364382
1909 887.364455
1910 887.364209
1911 887.364241
1912 887.364069
1913 887.365007
1914 887.365014
1915 887.364735
1916 887.364600
1917 887.363324
1918 887.362085
1919 887.361994
1920 887.361198
1921 887.360992
1922 887.361027
1923 887.361127
1924 887.360334
1925 887.356917
1926 887.356649
1927 887.356554
1928 887.355431
1929 887.354902
1930 887.354620
1931 887.354332
1932 887.353693
1933 887.353920
1934 887.354163
1935 887.354123
1936 887.352948
1937 887.352857
1938 887.352732
1939 887.352396
1940 887.352393
1941 887.352317
1942 887.352509
1943 887.352470
1944 887.352544
1945 887.352549
1946 887.352540
1947 887.352197
1948 887.352214
1949 887.351511
1950 887.351446
1951 887.351865
1952 887.349454
1953 887.349466
1954 887.349313
1955 887.346999
1956 887.346622
1957 887.346399
1958 887.345832
1959 887.345671
1960 887.345045
1961 887.345074
1962 887.344585
1963 887.343381
1964 887.342584
1965 887.341548
1966 887.340569
1967 887.340220
1968 887.339839
1969 887.338169
1970 887.337454
1971 887.336592
1972 887.335274
1973 887.335355
1974 887.335077
1975 887.331459
1976 887.330909
1977 887.330807
1978 887.330394
1979 887.329529
1980 887.328258
1981 887.327944
1982 887.328381
1983 887.324891
1984 887.324553
1985 887.323995
1986 887.323764
1987 887.323072
1988 887.322768
1989 887.319121
1990 887.318773
1991 887.316726
1992 887.316690
1993 887.311391
1994 887.311023
1995 887.311166
1996 887.305803
1997 887.305810
1998 887.305902
1999 887.305469
2000 887.304504
2001 887.303174
2002 887.303181
2003 887.302880
2004 887.302746
2005 887.302727
2006 887.302774
2007 887.299795
2008 887.299314
2009 887.297871
2010 887.298046
2011 887.297558
2012 887.297496
2013 887.297077
2014 887.296628
2015 887.294852
2016 887.294908
2017 887.293806
2018 887.294072
2019 887.294201
2020 887.294104
2021 887.293597
2022 887.291118
2023 887.290609
2024 887.289899
2025 887.289440
2026 887.289090
2027 887.288843
2028 887.288412
2029 887.288164
2030 887.285852
2031 887.285797
2032 887.284788
2033 887.284532
2034 887.284301
2035 887.283998
2036 887.284160
2037 887.284043
2038 887.283842
2039 887.283314
2040 887.282140
2041 887.282478
2042 887.282299
2043 887.282327
2044 887.282438
2045 887.282268
2046 887.282339
2047 887.281966
2048 887.281060
2049 887.280644
2050 887.280194
2051 887.280462
2052 887.280366
2053 887.275000
2054 887.274709
2055 887.274571
2056 887.274532
2057 887.271049
2058 887.265768
2059 887.265344
2060 887.264993
2061 887.264989
2062 887.264883
2063 887.265675
2064 887.265687
2065 887.265732
2066 887.265792
2067 887.265082
2068 887.265002
2069 887.264745
2070 887.263714
2071 887.263686
2072 887.263794
2073 887.261939
2074 887.260524
2075 887.260409
2076 887.261200
2077 887.261174
2078 887.261524
2079 887.261338
2080 887.261054
2081 887.260469
2082 887.259488
2083 887.258947
2084 887.257860
2085 887.258375
2086 887.257816
2087 887.257735
2088 887.257393
2089 887.257103
2090 887.256512
2091 887.256297
2092 887.256765
2093 887.257338
2094 887.257620
2095 887.257533
2096 887.257268
2097 887.257046
2098 887.257465
2099 887.257046
2100 887.256548
2101 887.256804
2102 887.256531
2103 887.256596
2104 887.256609
2105 887.256270
2106 887.256299
2107 887.255718
2108 887.255227
2109 887.255151
2110 887.255746
2111 887.255449
2112 887.254858
2113 887.254693
2114 887.254846
2115 887.254614
2116 887.254598
2117 887.254275
2118 887.254028
2119 887.254061
2120 887.254150
2121 887.252546
2122 887.250416
2123 887.250829
2124 887.250814
2125 887.250882
2126 887.250820
2127 887.250979
2128 887.250760
2129 887.250691
2130 887.250884
2131 887.250877
2132 887.251164
2133 887.251644
2134 887.251479
2135 887.250988
2136 887.247273
2137 887.244087
2138 887.244105
2139 887.244359
2140 887.244128
2141 887.243304
2142 887.243245
2143 887.241977
2144 887.241977
2145 887.241895
2146 887.241784
2147 887.241835
2148 887.240510
2149 887.240548
2150 887.239387
2151 887.238280
2152 887.238431
2153 887.237715
2154 887.236062
2155 887.236170
2156 887.235661
2157 887.235434
2158 887.235500
2159 887.235538
2160 887.235426
2161 887.234953
2162 887.235120
2163 887.235151
2164 887.235280
2165 887.234881
2166 887.234966
2167 887.234297
2168 887.232786
2169 887.231298
2170 887.231346
2171 887.228858
2172 887.228817
2173 887.228764
2174 887.223399
2175 887.219748
2176 887.217832
2177 887.217425
2178 887.213632
2179 887.214035
2180 887.213978
2181 887.213972
2182 887.213509
2183 887.213241
2184 887.211767
2185 887.206489
2186 887.206106
2187 887.205640
2188 887.205890
2189 887.206945
2190 887.207074
2191 887.206989
2192 887.206580
2193 887.205820
2194 887.205808
2195 887.205815
2196 887.205248
2197 887.204885
2198 887.205674
2199 887.205066
2200 887.203717
2201 887.203343
2202 887.203261
2203 887.203546
2204 887.203627
2205 887.203888
2206 887.203947
2207 887.203925
2208 887.203147
2209 887.203180
2210 887.203035
2211 887.202400
2212 887.202028
2213 887.199867
2214 887.200133
2215 887.199878
2216 887.199767
2217 887.198973
2218 887.199218
2219 887.195977
2220 887.195779
2221 887.195404
2222 887.194537
2223 887.194019
2224 887.193371
2225 887.192325
2226 887.187117
2227 887.186434
2228 887.185812
2229 887.185227
2230 887.185368
2231 887.185199
2232 887.185084
2233 887.185485
2234 887.185732
2235 887.185527
2236 887.185498
2237 887.185478
2238 887.183855
2239 887.183568
2240 887.183655
2241 887.183638
2242 887.183400
2243 887.183214
2244 887.183418
2245 887.183059
2246 887.183043
2247 887.182602
2248 887.182237
2249 887.182382
2250 887.182240
2251 887.181615
2252 887.181411
2253 887.180967
2254 887.181113
2255 887.181054
2256 887.181018
2257 887.181505
2258 887.180833
2259 887.180813
2260 887.180764
2261 887.180753
2262 887.178853
2263 887.178721
2264 887.178055
2265 887.177874
2266 887.177744
2267 887.176972
2268 887.177053
2269 887.176649
2270 887.176799
2271 887.176294
2272 887.176437
2273 887.176760
2274 887.176631
2275 887.176738
2276 887.175929
2277 887.174516
2278 887.175069
2279 887.174913
2280 887.174920
2281 887.174415
2282 887.174443
2283 887.174403
2284 887.174526
2285 887.174033
2286 887.173953
2287 887.174251
2288 887.174386
2289 887.173804
2290 887.173778
2291 887.173601
2292 887.172174
2293 887.172725
2294 887.173100
2295 887.173155
2296 887.173341
2297 887.173432
2298 887.168151
2299 887.168199
2300 887.168302
2301 887.168513
2302 887.168795
2303 887.169050
2304 887.169585
2305 887.169745
2306 887.169823
2307 887.169842
2308 887.170171
2309 887.168558
2310 887.168292
2311 887.167955
2312 887.167857
2313 887.167870
2314 887.168286
2315 887.168334
2316 887.166949
2317 887.167248
2318 887.167737
2319 887.167815
2320 887.167464
2321 887.166191
2322 887.166110
2323 887.165397
2324 887.164727
2325 887.163652
2326 887.163010
2327 887.163057
2328 887.163168
2329 887.162545
2330 887.162244
2331 887.161594
2332 887.160179
2333 887.160304
2334 887.160205
2335 887.159372
2336 887.159966
2337 887.159608
2338 887.159506
2339 887.159001
2340 887.158655
2341 887.159177
2342 887.158749
2343 887.158585
2344 887.158603
2345 887.158443
2346 887.155843
2347 887.155584
2348 887.155539
2349 887.155422
2350 887.156149
2351 887.155852
2352 887.155509
2353 887.155334
2354 887.155138
2355 887.153359
2356 887.153518
2357 887.153396
2358 887.149524
2359 887.149771
2360 887.147204
2361 887.146475
2362 887.146742
2363 887.146805
2364 887.146796
2365 887.146258
2366 887.144763
2367 887.144468
2368 887.144442
2369 887.144175
2370 887.143338
2371 887.142987
2372 887.142266
2373 887.142077
2374 887.142342
2375 887.142489
2376 887.142022
2377 887.141286
2378 887.141317
2379 887.138856
2380 887.139063
2381 887.137077
2382 887.136905
2383 887.136231
2384 887.135888
2385 887.134590
2386 887.134560
2387 887.134019
2388 887.133940
2389 887.133788
2390 887.133676
2391 887.133763
2392 887.130100
2393 887.129997
2394 887.130262
2395 887.130205
2396 887.129663
2397 887.129875
2398 887.129906
2399 887.129255
2400 887.128588
2401 887.128046
2402 887.127959
2403 887.128488
2404 887.125231
2405 887.125060
2406 887.123726
2407 887.122949
2408 887.119647
2409 887.118976
2410 887.118792
2411 887.118516
2412 887.118032
2413 887.117470
2414 887.117806
2415 887.118237
2416 887.118497
2417 887.117221
2418 887.116565
2419 887.116835
2420 887.116803
2421 887.116319
2422 887.114985
2423 887.115016
2424 887.114954
2425 887.114990
2426 887.114807
2427 887.114861
2428 887.109428
2429 887.109148
2430 887.108749
2431 887.109011
2432 887.107698
2433 887.107581
2434 887.107170
2435 887.107120
2436 887.106109
2437 887.105988
2438 887.102475
2439 887.102373
2440 887.101997
2441 887.102074
2442 887.102149
2443 887.102157
2444 887.102028
2445 887.102416
2446 887.102294
2447 887.102358
2448 887.102283
2449 887.102522
2450 887.102788
2451 887.102544
2452 887.102851
2453 887.102593
2454 887.102627
2455 887.102284
2456 887.102194
2457 887.102145
2458 887.101156
2459 887.099902
2460 887.099576
2461 887.099267
2462 887.098359
2463 887.098727
2464 887.098850
2465 887.098504
2466 887.098524
2467 887.098034
2468 887.097872
2469 887.097744
2470 887.095388
2471 887.095304
2472 887.095007
2473 887.094736
2474 887.094589
2475 887.094450
2476 887.093897
2477 887.093756
2478 887.094789
2479 887.095144
2480 887.095332
2481 887.094299
2482 887.094078
2483 887.094699
2484 887.095126
2485 887.095146
2486 887.095097
2487 887.095101
2488 887.094721
2489 887.094300
2490 887.094916
2491 887.094203
2492 887.092098
2493 887.091457
2494 887.091384
2495 887.091639
2496 887.091225
2497 887.091300
2498 887.090540
2499 887.090417
2500 887.090701
2501 887.090687
2502 887.089080
2503 887.088984
2504 887.089706
2505 887.085398
2506 887.085882
2507 887.086220
2508 887.082455
2509 887.083276
2510 887.083549
2511 887.083569
2512 887.083701
2513 887.084067
2514 887.082888
2515 887.082296
2516 887.081704
2517 887.081860
2518 887.081963
2519 887.081924
2520 887.081137
2521 887.079929
2522 887.079712
2523 887.079706
2524 887.079236
2525 887.079118
2526 887.080198
2527 887.080167
2528 887.080065
2529 887.079248
2530 887.078572
2531 887.078463
2532 887.077401
2533 887.076154
2534 887.075892
2535 887.075909
2536 887.075112
2537 887.075116
2538 887.075091
2539 887.074750
2540 887.073369
2541 887.071623
2542 887.071035
2543 887.070442
2544 887.071495
2545 887.071338
2546 887.071142
2547 887.071114
2548 887.069008
2549 887.069416
2550 887.069311
2551 887.069064
2552 887.068803
2553 887.069265
2554 887.068272
2555 887.068068
2556 887.066322
2557 887.065931
2558 887.066495
2559 887.066413
2560 887.066279
2561 887.066675
2562 887.066158
2563 887.066125
2564 887.066044
2565 887.066183
2566 887.065787
2567 887.065672
2568 887.065836
2569 887.066232
2570 887.066087
2571 887.065748
2572 887.065172
2573 887.065211
2574 887.064610
2575 887.063321
2576 887.063153
2577 887.062862
2578 887.062950
2579 887.062611
2580 887.062884
2581 887.062779
2582 887.062296
2583 887.063005
2584 887.062859
2585 887.062876
2586 887.062019
2587 887.062154
2588 887.061950
2589 887.061035
2590 887.061099
2591 887.061343
2592 887.061005
2593 887.060573
2594 887.058486
2595 887.056694
2596 887.056302
2597 887.056500
2598 887.056805
2599 887.056837
2600 887.056791
2601 887.056820
2602 887.055148
2603 887.054917
2604 887.054793
2605 887.054934
2606 887.051593
2607 887.050868
2608 887.051356
2609 887.051175
2610 887.051315
2611 887.049078
2612 887.049122
2613 887.049079
2614 887.049226
2615 887.049191
2616 887.048528
2617 887.047824
2618 887.047486
2619 887.046563
2620 887.046866
2621 887.046810
2622 887.046758
2623 887.045837
2624 887.044661
2625 887.044757
2626 887.045196
2627 887.043737
2628 887.043038
2629 887.043254
2630 887.042611
2631 887.042535
2632 887.042273
2633 887.042747
2634 887.042690
2635 887.042756
2636 887.042687
2637 887.042637
2638 887.040339
2639 887.040939
2640 887.041005
2641 887.040663
2642 887.040540
2643 887.040739
2644 887.039766
2645 887.037671
2646 887.037419
2647 887.037287
2648 887.037199
2649 887.037300
2650 887.037400
2651 887.037205
2652 887.037252
2653 887.031117
2654 887.030483
2655 887.031305
2656 887.031273
2657 887.030963
2658 887.031263
2659 887.025469
2660 887.025838
2661 887.025374
2662 887.025332
2663 887.025270
2664 887.024350
2665 887.023965
2666 887.023799
2667 887.022517
2668 887.022338
2669 887.022338
2670 887.021740
2671 887.021722
2672 887.021739
2673 887.021430
2674 887.020911
2675 887.020187
2676 887.020396
2677 887.020491
2678 887.020605
2679 887.021019
2680 887.020972
2681 887.020930
2682 887.020430
2683 887.019742
2684 887.019749
2685 887.018918
2686 887.019013
2687 887.019342
2688 887.019415
2689 887.019185
2690 887.019410
2691 887.019106
2692 887.018808
2693 887.018814
2694 887.018535
2695 887.018383
2696 887.018343
2697 887.018715
2698 887.017762
2699 887.017939
2700 887.017632
2701 887.017904
2702 887.017578
2703 887.017126
2704 887.017758
2705 887.016717
2706 887.016768
2707 887.015117
2708 887.014632
2709 887.014660
2710 887.014746
2711 887.014672
2712 887.015067
2713 887.015130
2714 887.015010
2715 887.014578
2716 887.014847
2717 887.014977
2718 887.014911
2719 887.014668
2720 887.015102
2721 887.014321
2722 887.014293
2723 887.014558
2724 887.013507
2725 887.014006
2726 887.014032
2727 887.013889
2728 887.013752
2729 887.014267
2730 887.013025
2731 887.013611
2732 887.013600
2733 887.013594
2734 887.012495
2735 887.011729
2736 887.011743
2737 887.011771
2738 887.011937
2739 887.011670
2740 887.011514
2741 887.011361
2742 887.011291
2743 887.010198
2744 887.010549
2745 887.010513
2746 887.010129
2747 887.009305
2748 887.007046
2749 887.007725
2750 887.005607
2751 887.005572
2752 887.005632
2753 887.005941
2754 887.006341
2755 887.005989
2756 887.006115
2757 887.006044
2758 887.005971
2759 887.005709
2760 887.004017
2761 887.004672
2762 887.005253
2763 887.005280
2764 887.004763
2765 887.004196
2766 887.003806
2767 887.003743
2768 887.003677
2769 887.003434
2770 887.001204
2771 887.001082
2772 886.998707
2773 886.997616
2774 886.995813
2775 886.995664
2776 886.995559
2777 886.995787
2778 886.995795
2779 886.995303
2780 886.994880
2781 886.994524
2782 886.994606
2783 886.994255
2784 886.994121
2785 886.994690
2786 886.994607
2787 886.994015
2788 886.994175
2789 886.993697
2790 886.993819
2791 886.992982
2792 886.993012
2793 886.992983
2794 886.993156
2795 886.990576
2796 886.990664
2797 886.989194
2798 886.988635
2799 886.988568
2800 886.988681
2801 886.988071
2802 886.987289
2803 886.986490
2804 886.986000
2805 886.985864
2806 886.985132
2807 886.985130
2808 886.985697
2809 886.983997
2810 886.983909
2811 886.983989
2812 886.983669
2813 886.983793
2814 886.983875
2815 886.983931
2816 886.981514
2817 886.981350
2818 886.981396
2819 886.980693
2820 886.980817
2821 886.980783
2822 886.980496
2823 886.979891
2824 886.979360
2825 886.977112
2826 886.973550
2827 886.973634
2828 886.967943
2829 886.967287
2830 886.966046
2831 886.960638
2832 886.960038
2833 886.959710
2834 886.959682
2835 886.959419
2836 886.959120
2837 886.958521
2838 886.958693
2839 886.958574
2840 886.958166
2841 886.957013
2842 886.957070
2843 886.956843
2844 886.957003
2845 886.957786
2846 886.958082
2847 886.957954
2848 886.958057
2849 886.958071
2850 886.957825
2851 886.957919
2852 886.957476
2853 886.956907
2854 886.957404
2855 886.956969
2856 886.953443
2857 886.951362
2858 886.951411
2859 886.950663
2860 886.950384
2861 886.950665
2862 886.949960
2863 886.949489
2864 886.948874
2865 886.948660
2866 886.948661
2867 886.948304
2868 886.948124
2869 886.944491
2870 886.943335
2871 886.943603
2872 886.943549
2873 886.943271
2874 886.943389
2875 886.942733
2876 886.941864
2877 886.942059
2878 886.941376
2879 886.941126
2880 886.941135
2881 886.941744
2882 886.942308
2883 886.941598
2884 886.940996
2885 886.941356
2886 886.941006
2887 886.941622
2888 886.939972
2889 886.938886
2890 886.938681
2891 886.938732
2892 886.935998
2893 886.935688
2894 886.935654
2895 886.935392
2896 886.934737
2897 886.932447
2898 886.932516
2899 886.932003
2900 886.931622
2901 886.931093
2902 886.930961
2903 886.931049
2904 886.928764
2905 886.927867
2906 886.927776
2907 886.927045
2908 886.925508
2909 886.925504
2910 886.924831
2911 886.924830
2912 886.925585
2913 886.925545
2914 886.925907
2915 886.925198
2916 886.925322
2917 886.925012
2918 886.924998
2919 886.924830
2920 886.924973
2921 886.924992
2922 886.924846
2923 886.924116
2924 886.924357
2925 886.924242
2926 886.924019
2927 886.924128
2928 886.923750
2929 886.923142
2930 886.919633
2931 886.919617
2932 886.919440
2933 886.919011
2934 886.916938
2935 886.916981
2936 886.916935
2937 886.916258
2938 886.914606
2939 886.914746
2940 886.914283
2941 886.914035
2942 886.913820
2943 886.910276
2944 886.910314
2945 886.910535
2946 886.908382
2947 886.908098
2948 886.907537
2949 886.905331
2950 886.905162
2951 886.905037
2952 886.905022
2953 886.903728
2954 886.903059
2955 886.903578
2956 886.903695
2957 886.903921
2958 886.903921
2959 886.903975
2960 886.903298
2961 886.902828
2962 886.903475
2963 886.903158
2964 886.903088
2965 886.903212
2966 886.903173
2967 886.899655
2968 886.899218
2969 886.899095
2970 886.898931
2971 886.898302
2972 886.898172
2973 886.898135
2974 886.898065
2975 886.897766
2976 886.897555
2977 886.897862
2978 886.896509
2979 886.894373
2980 886.892141
2981 886.887878
2982 886.887737
2983 886.887687
2984 886.887368
2985 886.888420
2986 886.887419
2987 886.887339
2988 886.882459
2989 886.882180
2990 886.881728
2991 886.882410
2992 886.882243
2993 886.880669
2994 886.879956
2995 886.879646
2996 886.879672
2997 886.879813
2998 886.880615
2999 886.879905
3000 886.879744
3001 886.879829
3002 886.879452
3003 886.879241
3004 886.879533
3005 886.879298
3006 886.879365
3007 886.879222
3008 886.879345
3009 886.879218
3010 886.879427
3011 886.878199
3012 886.878423
3013 886.878112
3014 886.877775
3015 886.876843
3016 886.876919
3017 886.876818
3018 886.876555
3019 886.876287
3020 886.876198
3021 886.876393
3022 886.875990
3023 886.875184
3024 886.875229
3025 886.872856
3026 886.872824
3027 886.870442
3028 886.869886
3029 886.870096
3030 886.869734
3031 886.869895
3032 886.869222
3033 886.869221
3034 886.869052
3035 886.868115
3036 886.866903
3037 886.866505
3038 886.864129
3039 886.863325
3040 886.862376
3041 886.861045
3042 886.860187
3043 886.860639
3044 886.860617
3045 886.860517
3046 886.860667
3047 886.859297
3048 886.859474
3049 886.859269
3050 886.859100
3051 886.859593
3052 886.859763
3053 886.859699
3054 886.859352
3055 886.859302
3056 886.859356
3057 886.859116
3058 886.859836
3059 886.859827
3060 886.859981
3061 886.854310
3062 886.854758
3063 886.854520
3064 886.854011
3065 886.853880
3066 886.854108
3067 886.854245
3068 886.854117
3069 886.854197
3070 886.854187
3071 886.854696
3072 886.853741
3073 886.853242
3074 886.852788
3075 886.851821
3076 886.851858
3077 886.852412
3078 886.846734
3079 886.846967
3080 886.846550
3081 886.847003
3082 886.845675
3083 886.845114
3084 886.845081
3085 886.844290
3086 886.844021
3087 886.843360
3088 886.843158
3089 886.843042
3090 886.843004
3091 886.843067
3092 886.842428
3093 886.842295
3094 886.842716
3095 886.841770
3096 886.841190
3097 886.840893
3098 886.840877
3099 886.840713
3100 886.840373
3101 886.839786
3102 886.839595
3103 886.839738
3104 886.839547
3105 886.838748
3106 886.838286
3107 886.832915
3108 886.832535
3109 886.832406
3110 886.832225
3111 886.831840
3112 886.827485
3113 886.827335
3114 886.827438
3115 886.823732
3116 886.823586
3117 886.823800
3118 886.823126
3119 886.820860
3120 886.820772
3121 886.820890
3122 886.820756
3123 886.820572
3124 886.820842
3125 886.820833
3126 886.820106
3127 886.816228
3128 886.816074
3129 886.816106
3130 886.816031
3131 886.815558
3132 886.816281
3133 886.816668
3134 886.816566
3135 886.813165
3136 886.813461
3137 886.813646
3138 886.813372
3139 886.813288
3140 886.813076
3141 886.812487
3142 886.811563
3143 886.811425
3144 886.810860
3145 886.810951
3146 886.810433
3147 886.808020
3148 886.804826
3149 886.804613
3150 886.803952
3151 886.802665
3152 886.803015
3153 886.802885
3154 886.802631
3155 886.801845
3156 886.798538
3157 886.798282
3158 886.798001
3159 886.797497
3160 886.797786
3161 886.797775
3162 886.797802
3163 886.797345
3164 886.796508
3165 886.796098
3166 886.795843
3167 886.794170
3168 886.794579
3169 886.795294
3170 886.795549
3171 886.795744
3172 886.796082
3173 886.796557
3174 886.796115
3175 886.796446
3176 886.796569
3177 886.795965
3178 886.796154
3179 886.796211
3180 886.796005
3181 886.796437
3182 886.795686
3183 886.794281
3184 886.794254
3185 886.793869
3186 886.792682
3187 886.792747
3188 886.793087
3189 886.792667
3190 886.791578
3191 886.792229
3192 886.792365
3193 886.791980
3194 886.791776
3195 886.792201
3196 886.792317
3197 886.792291
3198 886.792310
3199 886.792864
3200 886.792552
3201 886.792332
3202 886.792388
3203 886.792665
3204 886.787248
3205 886.786786
3206 886.786327
3207 886.782885
3208 886.783141
3209 886.782856
3210 886.782737
3211 886.782654
3212 886.782399
3213 886.781555
3214 886.781483
3215 886.782096
3216 886.782304
3217 886.781646
3218 886.780594
3219 886.780217
3220 886.780210
3221 886.780308
3222 886.778036
3223 886.776868
3224 886.777107
3225 886.777096
3226 886.777691
3227 886.777569
3228 886.777745
3229 886.777702
3230 886.777587
3231 886.778055
3232 886.777417
3233 886.777425
3234 886.776669
3235 886.775928
3236 886.774905
3237 886.774980
3238 886.774865
3239 886.772035
3240 886.771633
3241 886.771177
3242 886.771219
3243 886.771497
3244 886.767826
3245 886.767522
3246 886.767435
3247 886.766948
3248 886.766831
3249 886.766033
3250 886.765732
3251 886.765479
3252 886.762247
3253 886.761830
3254 886.760090
3255 886.760110
3256 886.760213
3257 886.760230
3258 886.760259
3259 886.759936
3260 886.759776
3261 886.759499
3262 886.759068
3263 886.759340
3264 886.758843
3265 886.757436
3266 886.756158
3267 886.755819
3268 886.752844
3269 886.752057
3270 886.751304
3271 886.751300
3272 886.751583
3273 886.752238
3274 886.751498
3275 886.751065
3276 886.751068
3277 886.750927
3278 886.750742
3279 886.746681
3280 886.746570
3281 886.746371
3282 886.746360
3283 886.745537
3284 886.745706
3285 886.745273
3286 886.745020
3287 886.744795
3288 886.743647
3289 886.742894
3290 886.742726
3291 886.741963
3292 886.741120
3293 886.739985
3294 886.739986
3295 886.739147
3296 886.739991
3297 886.738428
3298 886.737841
3299 886.737804
3300 886.735993
3301 886.735473
3302 886.734753
3303 886.734689
3304 886.734215
3305 886.734140
3306 886.733923
3307 886.733802
3308 886.733315
3309 886.733352
3310 886.732664
3311 886.732851
3312 886.732117
3313 886.726410
3314 886.726047
3315 886.723831
3316 886.723956
3317 886.723761
3318 886.723727
3319 886.722692
3320 886.722694
3321 886.722822
3322 886.722493
3323 886.722530
3324 886.720809
3325 886.720698
3326 886.720224
3327 886.720230
3328 886.719876
3329 886.719784
3330 886.719222
3331 886.719476
3332 886.717499
3333 886.717572
3334 886.717440
3335 886.717718
3336 886.717527
3337 886.716112
3338 886.716159
3339 886.716187
3340 886.716187
3341 886.715709
3342 886.715049
3343 886.714963
3344 886.715281
3345 886.714576
3346 886.714627
3347 886.713750
3348 886.713581
3349 886.712997
3350 886.713159
3351 886.711828
3352 886.711566
3353 886.710930
3354 886.711334
3355 886.711224
3356 886.710838
3357 886.710518
3358 886.710512
3359 886.710348
3360 886.710315
3361 886.710468
3362 886.710568
3363 886.710548
3364 886.709533
3365 886.708217
3366 886.708379
3367 886.703074
3368 886.702732
3369 886.697312
3370 886.697220
3371 886.697172
3372 886.697350
3373 886.697491
3374 886.697790
3375 886.697763
3376 886.697390
3377 886.697280
3378 886.693353
3379 886.693312
3380 886.693495
3381 886.693658
3382 886.693504
3383 886.693650
3384 886.693696
3385 886.693015
3386 886.692343
3387 886.691500
3388 886.689866
3389 886.683688
3390 886.683565
3391 886.683276
3392 886.683237
3393 886.681797
3394 886.681964
3395 886.681664
3396 886.681099
3397 886.680386
3398 886.680787
3399 886.679309
3400 886.678757
3401 886.678276
3402 886.677919
3403 886.677692
3404 886.675782
3405 886.675568
3406 886.675929
3407 886.675306
3408 886.675234
3409 886.673959
3410 886.672469
3411 886.672246
3412 886.672307
3413 886.672146
3414 886.671659
3415 886.671651
3416 886.672011
3417 886.666477
3418 886.666469
3419 886.666831
3420 886.666268
3421 886.665830
3422 886.665870
3423 886.665688
3424 886.665026
3425 886.665073
3426 886.664649
3427 886.664377
3428 886.663899
3429 886.663961
3430 886.663790
3431 886.662955
3432 886.662383
3433 886.661750
3434 886.661637
3435 886.661607
3436 886.660008
3437 886.658807
3438 886.658721
3439 886.658686
3440 886.658671
3441 886.658618
3442 886.658266
3443 886.658088
3444 886.658008
3445 886.654642
3446 886.653463
3447 886.650912
3448 886.650876
3449 886.649949
3450 886.649801
3451 886.649098
3452 886.648986
3453 886.649047
3454 886.648565
3455 886.648165
3456 886.645517
3457 886.644901
3458 886.639368
3459 886.639064
3460 886.638914
3461 886.638958
3462 886.633562
3463 886.633328
3464 886.633290
3465 886.633907
3466 886.634657
3467 886.634182
3468 886.633987
3469 886.634348
3470 886.633490
3471 886.633207
3472 886.632889
3473 886.632175
3474 886.631966
3475 886.631935
3476 886.631892
3477 886.632094
3478 886.631358
3479 886.630728
3480 886.628475
3481 886.628384
3482 886.628337
3483 886.627417
3484 886.626013
3485 886.625574
3486 886.624962
3487 886.623683
3488 886.623691
3489 886.623524
3490 886.624118
3491 886.624057
3492 886.624011
3493 886.621529
3494 886.620035
3495 886.620410
3496 886.620416
3497 886.620334
3498 886.620199
3499 886.620160
3500 886.619829
3501 886.619690
3502 886.614372
3503 886.614535
3504 886.613604
3505 886.613247
3506 886.612039
3507 886.609476
3508 886.606329
3509 886.607263
3510 886.607154
3511 886.605488
3512 886.605124
3513 886.604103
3514 886.604131
3515 886.603628
3516 886.603135
3517 886.603145
3518 886.603070
3519 886.601783
3520 886.601858
3521 886.601776
3522 886.601036
3523 886.600961
3524 886.600407
3525 886.600475
3526 886.599908
3527 886.599993
3528 886.600031
3529 886.598973
3530 886.598525
3531 886.593009
3532 886.589102
3533 886.588993
3534 886.589123
3535 886.588226
3536 886.588280
3537 886.588346
3538 886.588255
3539 886.587634
3540 886.587379
3541 886.586538
3542 886.586098
3543 886.586127
3544 886.586121
3545 886.585615
3546 886.584917
3547 886.585041
3548 886.583436
3549 886.583649
3550 886.582905
3551 886.583508
3552 886.581877
3553 886.581857
3554 886.581933
3555 886.581373
3556 886.581228
3557 886.579083
3558 886.579047
3559 886.578016
3560 886.577603
3561 886.577897
3562 886.577690
3563 886.577373
3564 886.574191
3565 886.574343
3566 886.574967
3567 886.573762
3568 886.573819
3569 886.574079
3570 886.573011
3571 886.573006
3572 886.572631
3573 886.571527
3574 886.571360
3575 886.571353
3576 886.571150
3577 886.571285
3578 886.571397
3579 886.571061
3580 886.570956
3581 886.570678
3582 886.570453
3583 886.570474
3584 886.570393
3585 886.568708
3586 886.569407
3587 886.569508
3588 886.569597
3589 886.569434
3590 886.569259
3591 886.568553
3592 886.568630
3593 886.568396
3594 886.568320
3595 886.568666
3596 886.568413
3597 886.568415
3598 886.568169
3599 886.566552
3600 886.563734
3601 886.563545
3602 886.562026
3603 886.562528
3604 886.562676
3605 886.560800
3606 886.560500
3607 886.560135
3608 886.559664
3609 886.559580
3610 886.559121
3611 886.558845
3612 886.558562
3613 886.557752
3614 886.557060
3615 886.556866
3616 886.556834
3617 886.556692
3618 886.551148
3619 886.550478
3620 886.550402
3621 886.550122
3622 886.549984
3623 886.549723
3624 886.549725
3625 886.549763
3626 886.549021
3627 886.547908
3628 886.547485
3629 886.547057
3630 886.547196
3631 886.547215
3632 886.547508
3633 886.547093
3634 886.546609
3635 886.546480
3636 886.546258
3637 886.546290
3638 886.546602
3639 886.546364
3640 886.546596
3641 886.546658
3642 886.546131
3643 886.546317
3644 886.544125
3645 886.542751
3646 886.542426
3647 886.542261
3648 886.542489
3649 886.542263
3650 886.542333
3651 886.542441
3652 886.542124
3653 886.542052
3654 886.541934
3655 886.541194
3656 886.541054
3657 886.540942
3658 886.541312
3659 886.540323
3660 886.539264
3661 886.538900
3662 886.538735
3663 886.536385
3664 886.536133
3665 886.536299
3666 886.534116
3667 886.533533
3668 886.533202
3669 886.533151
3670 886.530757
3671 886.531014
3672 886.530897
3673 886.531079
3674 886.530498
3675 886.530146
3676 886.530106
3677 886.529159
3678 886.528216
3679 886.526734
3680 886.526587
3681 886.526513
3682 886.526511
3683 886.526017
3684 886.525737
3685 886.525734
3686 886.525065
3687 886.525120
3688 886.524954
3689 886.522603
3690 886.523079
3691 886.523098
3692 886.520903
3693 886.520741
3694 886.520967
3695 886.520637
3696 886.520240
3697 886.520483
3698 886.520391
3699 886.519807
3700 886.519632
3701 886.519748
3702 886.519708
3703 886.518846
3704 886.519493
3705 886.519480
3706 886.519239
3707 886.519270
3708 886.519840
3709 886.520046
3710 886.520369
3711 886.520477
3712 886.518341
3713 886.518216
3714 886.518118
3715 886.517905
3716 886.516444
3717 886.516021
3718 886.515350
3719 886.515228
3720 886.514889
3721 886.514760
3722 886.514403
3723 886.514303
3724 886.513963
3725 886.512739
3726 886.512442
3727 886.512421
3728 886.512381
3729 886.512374
3730 886.511701
3731 886.506259
3732 886.506270
3733 886.505662
3734 886.502680
3735 886.503573
3736 886.503267
3737 886.503352
3738 886.503266
3739 886.501297
3740 886.501079
3741 886.501367
3742 886.500719
3743 886.498815
3744 886.498551
3745 886.498251
3746 886.497089
3747 886.496924
3748 886.497122
3749 886.497215
3750 886.497130
3751 886.496707
3752 886.496515
3753 886.496454
3754 886.496934
3755 886.496908
3756 886.496893
3757 886.495945
3758 886.495693
3759 886.494254
3760 886.493617
3761 886.493470
3762 886.492308
3763 886.492695
3764 886.493410
3765 886.492714
3766 886.492760
3767 886.492703
3768 886.492540
3769 886.491054
3770 886.489393
3771 886.489400
3772 886.489376
3773 886.489204
3774 886.488493
3775 886.488910
3776 886.489054
3777 886.488444
3778 886.483488
3779 886.483755
3780 886.483819
3781 886.483557
3782 886.483564
3783 886.483107
3784 886.482897
3785 886.482892
3786 886.480624
3787 886.480182
3788 886.480537
3789 886.480103
3790 886.478803
3791 886.478533
3792 886.478242
3793 886.478384
3794 886.478307
3795 886.478278
3796 886.477903
3797 886.476812
3798 886.477406
3799 886.478032
3800 886.477878
3801 886.477944
3802 886.477952
3803 886.476893
3804 886.477045
3805 886.477253
3806 886.477132
3807 886.473637
3808 886.467669
3809 886.467308
3810 886.467838
3811 886.467617
3812 886.467290
3813 886.465999
3814 886.466174
3815 886.464956
3816 886.465368
3817 886.465713
3818 886.465334
3819 886.465410
3820 886.465887
3821 886.465854
3822 886.465806
3823 886.464779
3824 886.462293
3825 886.462047
3826 886.460799
3827 886.459822
3828 886.460017
3829 886.460078
3830 886.460003
3831 886.459300
3832 886.459508
3833 886.459635
3834 886.458713
3835 886.458237
3836 886.457751
3837 886.457574
3838 886.457570
3839 886.456954
3840 886.456601
3841 886.456466
3842 886.452787
3843 886.452514
3844 886.452411
3845 886.451987
3846 886.452443
3847 886.452417
3848 886.451655
3849 886.451247
3850 886.449907
3851 886.450034
3852 886.449951
3853 886.450056
3854 886.447305
3855 886.445767
3856 886.445821
3857 886.445406
3858 886.445153
3859 886.442584
3860 886.443890
3861 886.442691
3862 886.441720
3863 886.441036
3864 886.440407
3865 886.440411
3866 886.440444
3867 886.440459
3868 886.439853
3869 886.439699
3870 886.436180
3871 886.435174
3872 886.435206
3873 886.435087
3874 886.434897
3875 886.433645
3876 886.432980
3877 886.430324
3878 886.428182
3879 886.428266
3880 886.428548
3881 886.428826
3882 886.428782
3883 886.428721
3884 886.428630
3885 886.427916
3886 886.427101
3887 886.424996
3888 886.425475
3889 886.425611
3890 886.425613
3891 886.425476
3892 886.424970
3893 886.424972
3894 886.424985
3895 886.425428
3896 886.425367
3897 886.425468
3898 886.425114
3899 886.425023
3900 886.425066
3901 886.425121
3902 886.424776
3903 886.423500
3904 886.423424
3905 886.423634
3906 886.423071
3907 886.422858
3908 886.423168
3909 886.423061
3910 886.422731
3911 886.423344
3912 886.422992
3913 886.423110
3914 886.422252
3915 886.421092
3916 886.421226
3917 886.421342
3918 886.421322
3919 886.421300
3920 886.421552
3921 886.421563
3922 886.421504
3923 886.421544
3924 886.421620
3925 886.421377
3926 886.421293
3927 886.420728
3928 886.420539
3929 886.420268
3930 886.420288
3931 886.420801
3932 886.420822
3933 886.420581
3934 886.420370
3935 886.419473
3936 886.418086
3937 886.418144
3938 886.418253
3939 886.418099
3940 886.418160
3941 886.417322
3942 886.417414
3943 886.416918
3944 886.416668
3945 886.416396
3946 886.415904
3947 886.415906
3948 886.416011
3949 886.414901
3950 886.412833
3951 886.413413
3952 886.413268
3953 886.412556
3954 886.412535
3955 886.412507
3956 886.412326
3957 886.412714
3958 886.412673
3959 886.413372
3960 886.413405
3961 886.412789
3962 886.410145
3963 886.409602
3964 886.408136
3965 886.407994
3966 886.407480
3967 886.407232
3968 886.406616
3969 886.405230
3970 886.405230
3971 886.402686
3972 886.403217
3973 886.403775
3974 886.404239
3975 886.404299
3976 886.404386
3977 886.401045
3978 886.400568
3979 886.400646
3980 886.401212
3981 886.399643
3982 886.399385
3983 886.399500
3984 886.399442
3985 886.399687
3986 886.399395
3987 886.399609
3988 886.398166
3989 886.397751
3990 886.397635
3991 886.396558
3992 886.395853
3993 886.395543
3994 886.391321
3995 886.389364
3996 886.390161
3997 886.389791
3998 886.384339
3999 886.381811
4000 886.381987
4001 886.382106
4002 886.382356
4003 886.382273
4004 886.382179
4005 886.382696
4006 886.381171
4007 886.379279
4008 886.379074
4009 886.378666
4010 886.377449
4011 886.375497
4012 886.375215
4013 886.375230
4014 886.369709
4015 886.369602
4016 886.370019
4017 886.365723
4018 886.366269
4019 886.367245
4020 886.365594
4021 886.366537
4022 886.366613
4023 886.366748
4024 886.366701
4025 886.366340
4026 886.366083
4027 886.366152
4028 886.365716
4029 886.365131
4030 886.364851
4031 886.364737
4032 886.363978
4033 886.364227
4034 886.364542
4035 886.364869
4036 886.364384
4037 886.364661
4038 886.364777
4039 886.364073
4040 886.364092
4041 886.363845
4042 886.362838
4043 886.362391
4044 886.362047
4045 886.361732
4046 886.361287
4047 886.360626
4048 886.360129
4049 886.359904
4050 886.359308
4051 886.359300
4052 886.359347
4053 886.359560
4054 886.359673
4055 886.359971
4056 886.357705
4057 886.357743
4058 886.357850
4059 886.352197
4060 886.351949
4061 886.351617
4062 886.351579
4063 886.351289
4064 886.349813
4065 886.349647
4066 886.349995
4067 886.350775
4068 886.345264
4069 886.345096
4070 886.345215
4071 886.341574
4072 886.341654
4073 886.341364
4074 886.337398
4075 886.337809
4076 886.337961
4077 886.337591
4078 886.337542
4079 886.335036
4080 886.335038
4081 886.334876
4082 886.334953
4083 886.334756
4084 886.334723
4085 886.334465
4086 886.334714
4087 886.334953
4088 886.334281
4089 886.334106
4090 886.333185
4091 886.327669
4092 886.327356
4093 886.324929
4094 886.325039
4095 886.325199
4096 886.325219
4097 886.323982
4098 886.323869
4099 886.321807
4100 886.321186
4101 886.320838
4102 886.320589
4103 886.320586
4104 886.321319
4105 886.320583
4106 886.320554
4107 886.320477
4108 886.319851
4109 886.319756
4110 886.318090
4111 886.317992
4112 886.318053
4113 886.317858
4114 886.317580
4115 886.317645
4116 886.317244
4117 886.317214
4118 886.317318
4119 886.317403
4120 886.314012
4121 886.313978
4122 886.314914
4123 886.311161
4124 886.310979
4125 886.311003
4126 886.310853
4127 886.310623
4128 886.310620
4129 886.310572
4130 886.310110
4131 886.310336
4132 886.310489
4133 886.310252
4134 886.307758
4135 886.306604
4136 886.306558
4137 886.306182
4138 886.305923
4139 886.304966
4140 886.304948
4141 886.305191
4142 886.304339
4143 886.302921
4144 886.303006
4145 886.300787
4146 886.300524
4147 886.300501
4148 886.300581
4149 886.300662
4150 886.300636
4151 886.301169
4152 886.301170
4153 886.301643
4154 886.301139
4155 886.298920
4156 886.298580
4157 886.297967
4158 886.298137
4159 886.298068
4160 886.297936
4161 886.297594
4162 886.297455
4163 886.297436
4164 886.296432
4165 886.296245
4166 886.295994
4167 886.295605
4168 886.295316
4169 886.295194
4170 886.295500
4171 886.295431
4172 886.295203
4173 886.294692
4174 886.294412
4175 886.294067
4176 886.293817
4177 886.294630
4178 886.293844
4179 886.293715
4180 886.293696
4181 886.292972
4182 886.292915
4183 886.293078
4184 886.292716
4185 886.293204
4186 886.291758
4187 886.291984
4188 886.291892
4189 886.291592
4190 886.291774
4191 886.291418
4192 886.291483
4193 886.290206
4194 886.289457
4195 886.289733
4196 886.289855
4197 886.289927
4198 886.290099
4199 886.290160
4200 886.289786
4201 886.287125
4202 886.287081
4203 886.286765
4204 886.286896
4205 886.287921
4206 886.286991
4207 886.285484
4208 886.285566
4209 886.285537
4210 886.286101
4211 886.285947
4212 886.285647
4213 886.285167
4214 886.285057
4215 886.284773
4216 886.284500
4217 886.284839
4218 886.285093
4219 886.284979
4220 886.285530
4221 886.284213
4222 886.284236
4223 886.284210
4224 886.284197
4225 886.284317
4226 886.280656
4227 886.279393
4228 886.278925
4229 886.278258
4230 886.278011
4231 886.276740
4232 886.277453
4233 886.277584
4234 886.277815
4235 886.278076
4236 886.277579
4237 886.277923
4238 886.277794
4239 886.276751
4240 886.276936
4241 886.276972
4242 886.276931
4243 886.276641
4244 886.273034
4245 886.271923
4246 886.271533
4247 886.271241
4248 886.271618
4249 886.271638
4250 886.271578
4251 886.270427
4252 886.270512
4253 886.270288
4254 886.270016
4255 886.269638
4256 886.269502
4257 886.269260
4258 886.269244
4259 886.269709
4260 886.269717
4261 886.269955
4262 886.269788
4263 886.269558
4264 886.269519
4265 886.269070
4266 886.268377
4267 886.266961
4268 886.266207
4269 886.266158
4270 886.266016
4271 886.266122
4272 886.265902
4273 886.263677
4274 886.263963
4275 886.264532
4276 886.265174
4277 886.265141
4278 886.264699
4279 886.263678
4280 886.263512
4281 886.263685
4282 886.263855
4283 886.263688
4284 886.263624
4285 886.263738
4286 886.264025
4287 886.263721
4288 886.263761
4289 886.262137
4290 886.261753
4291 886.261512
4292 886.261505
4293 886.261398
4294 886.262309
4295 886.256578
4296 886.256652
4297 886.255670
4298 886.255073
4299 886.255184
4300 886.255193
4301 886.254928
4302 886.254729
4303 886.249189
4304 886.249259
4305 886.249233
4306 886.249003
4307 886.249316
4308 886.246800
4309 886.246953
4310 886.246457
4311 886.246659
4312 886.246594
4313 886.246366
4314 886.240511
4315 886.238863
4316 886.235283
4317 886.234681
4318 886.234389
4319 886.234319
4320 886.234026
4321 886.234051
4322 886.233594
4323 886.233765
4324 886.233790
4325 886.233638
4326 886.233254
4327 886.233178
4328 886.233179
4329 886.232944
4330 886.232893
4331 886.232195
4332 886.232320
4333 886.231989
4334 886.231829
4335 886.232120
4336 886.231774
4337 886.231604
4338 886.231953
4339 886.231206
4340 886.231322
4341 886.230859
4342 886.230539
4343 886.230267
4344 886.230080
4345 886.230101
4346 886.229679
4347 886.229289
4348 886.228329
4349 886.228658
4350 886.227989
4351 886.228384
4352 886.228557
4353 886.228011
4354 886.227896
4355 886.228003
4356 886.224380
4357 886.224152
4358 886.224377
4359 886.225018
4360 886.225047
4361 886.222907
4362 886.222766
4363 886.223044
4364 886.222614
4365 886.222419
4366 886.222045
4367 886.222030
4368 886.221215
4369 886.219303
4370 886.218869
4371 886.215368
4372 886.215261
4373 886.215477
4374 886.215369
4375 886.215335
4376 886.215336
4377 886.214988
4378 886.214844
4379 886.214167
4380 886.213394
4381 886.213222
4382 886.212984
4383 886.213319
4384 886.213134
4385 886.213127
4386 886.212189
4387 886.208162
4388 886.208025
4389 886.207332
4390 886.203377
4391 886.203235
4392 886.202344
4393 886.202233
4394 886.202082
4395 886.201826
4396 886.201814
4397 886.201649
4398 886.201673
4399 886.200972
4400 886.200876
4401 886.200794
4402 886.198459
4403 886.198831
4404 886.198916
4405 886.198147
4406 886.196763
4407 886.196627
4408 886.196903
4409 886.196868
4410 886.194638
4411 886.194660
4412 886.194484
4413 886.194305
4414 886.194092
4415 886.193858
4416 886.193951
4417 886.193721
4418 886.193797
4419 886.193825
4420 886.193466
4421 886.192542
4422 886.192477
4423 886.192405
4424 886.191899
4425 886.191809
4426 886.191779
4427 886.191010
4428 886.190712
4429 886.187757
4430 886.187822
4431 886.187633
4432 886.187768
4433 886.187771
4434 886.187943
4435 886.188353
4436 886.188252
4437 886.188191
4438 886.188269
4439 886.185997
4440 886.185869
4441 886.186122
4442 886.186141
4443 886.185380
4444 886.184823
4445 886.184729
4446 886.184589
4447 886.184623
4448 886.184585
4449 886.184616
4450 886.184553
4451 886.184083
4452 886.183640
4453 886.182944
4454 886.182644
4455 886.183125
4456 886.183066
4457 886.182940
4458 886.182629
4459 886.181426
4460 886.181075
4461 886.180899
4462 886.180082
4463 886.179244
4464 886.176011
4465 886.176459
4466 886.176548
4467 886.176168
4468 886.175739
4469 886.175668
4470 886.174323
4471 886.174430
4472 886.174237
4473 886.174365
4474 886.173886
4475 886.172313
4476 886.172267
4477 886.171477
4478 886.171299
4479 886.171305
4480 886.171394
4481 886.171728
4482 886.170248
4483 886.170066
4484 886.167864
4485 886.167711
4486 886.166813
4487 886.164534
4488 886.164260
4489 886.161958
4490 886.162340
4491 886.162239
4492 886.161486
4493 886.161670
4494 886.161701
4495 886.161872
4496 886.161496
4497 886.161149
4498 886.160344
4499 886.159318
4500 886.159445
4501 886.158949
4502 886.158964
4503 886.157706
4504 886.157683
4505 886.157180
4506 886.156882
4507 886.156874
4508 886.153134
4509 886.153120
4510 886.152901
4511 886.152828
4512 886.153025
4513 886.153142
4514 886.153634
4515 886.151158
4516 886.151150
4517 886.151567
4518 886.151332
4519 886.150866
4520 886.150780
4521 886.151009
4522 886.150348
4523 886.150443
4524 886.149137
4525 886.148998
4526 886.149320
4527 886.148859
4528 886.146408
4529 886.146274
4530 886.146558
4531 886.146688
4532 886.146260
4533 886.146063
4534 886.145836
4535 886.146042
4536 886.145985
4537 886.145997
4538 886.145369
4539 886.145463
4540 886.146183
4541 886.146127
4542 886.145361
4543 886.145981
4544 886.146253
4545 886.146573
4546 886.147134
4547 886.147046
4548 886.147009
4549 886.145668
4550 886.145583
4551 886.145548
4552 886.144910
4553 886.144203
4554 886.144604
4555 886.144513
4556 886.143760
4557 886.143575
4558 886.143749
4559 886.143905
4560 886.139594
4561 886.139539
4562 886.139258
4563 886.139339
4564 886.139131
4565 886.138511
4566 886.138464
4567 886.138388
4568 886.139019
4569 886.139018
4570 886.138909
4571 886.137891
4572 886.133909
4573 886.133759
4574 886.132419
4575 886.132027
4576 886.126496
4577 886.125741
4578 886.123413
4579 886.123142
4580 886.123090
4581 886.122962
4582 886.121467
4583 886.118479
4584 886.117425
4585 886.116945
4586 886.117442
4587 886.117170
4588 886.117463
4589 886.117415
4590 886.117884
4591 886.116904
4592 886.116674
4593 886.116362
4594 886.116339
4595 886.112524
4596 886.112425
4597 886.112113
4598 886.112000
4599 886.111745
4600 886.111702
4601 886.110749
4602 886.111037
4603 886.109889
4604 886.110040
4605 886.110068
4606 886.110252
4607 886.110137
4608 886.110458
4609 886.110349
4610 886.110087
4611 886.110332
4612 886.109595
4613 886.109637
4614 886.109494
4615 886.109488
4616 886.108607
4617 886.108950
4618 886.108151
4619 886.108355
4620 886.107535
4621 886.107446
4622 886.107665
4623 886.105386
4624 886.105365
4625 886.105285
4626 886.105629
4627 886.104854
4628 886.103926
4629 886.102670
4630 886.101666
4631 886.099284
4632 886.099471
4633 886.099078
4634 886.094025
4635 886.093372
4636 886.089596
4637 886.088870
4638 886.088149
4639 886.088266
4640 886.087679
4641 886.087588
4642 886.087663
4643 886.087473
4644 886.086932
4645 886.087872
4646 886.084510
4647 886.084463
4648 886.084177
4649 886.082865
4650 886.083160
4651 886.082996
4652 886.081698
4653 886.080628
4654 886.079785
4655 886.077580
4656 886.077491
4657 886.076926
4658 886.076975
4659 886.076678
4660 886.076447
4661 886.076296
4662 886.076577
4663 886.076219
4664 886.075539
4665 886.075252
4666 886.073054
4667 886.072009
4668 886.072035
4669 886.072272
4670 886.071215
4671 886.070666
4672 886.070656
4673 886.070773
4674 886.070876
4675 886.070742
4676 886.070746
4677 886.070853
4678 886.066371
4679 886.066074
4680 886.062551
4681 886.062394
4682 886.056774
4683 886.056973
4684 886.054494
4685 886.054284
4686 886.053927
4687 886.053481
4688 886.053714
4689 886.053280
4690 886.053267
4691 886.053170
4692 886.053076
4693 886.051559
4694 886.051670
4695 886.051478
4696 886.051452
4697 886.051764
4698 886.048148
4699 886.047380
4700 886.047245
4701 886.047725
4702 886.047695
4703 886.047446
4704 886.046899
4705 886.047200
4706 886.047215
4707 886.046924
4708 886.045944
4709 886.045493
4710 886.044793
4711 886.044147
4712 886.043995
4713 886.043953
4714 886.044712
4715 886.044512
4716 886.044556
4717 886.043622
4718 886.040490
4719 886.040249
4720 886.040225
4721 886.040870
4722 886.039952
4723 886.039770
4724 886.038700
4725 886.038888
4726 886.039799
4727 886.039931
4728 886.040254
4729 886.040162
4730 886.040023
4731 886.040212
4732 886.040288
4733 886.037561
4734 886.036017
4735 886.032397
4736 886.031590
4737 886.030763
4738 886.030762
4739 886.031079
4740 886.030966
4741 886.030807
4742 886.031338
4743 886.030692
4744 886.030230
4745 886.029977
4746 886.029998
4747 886.029718
4748 886.029692
4749 886.029636
4750 886.029271
4751 886.027684
4752 886.027479
4753 886.027049
4754 886.026780
4755 886.024164
4756 886.022956
4757 886.022596
4758 886.022151
4759 886.021198
4760 886.020772
4761 886.020955
4762 886.020886
4763 886.021105
4764 886.020439
4765 886.020529
4766 886.020547
4767 886.019511
4768 886.018890
4769 886.018824
4770 886.016802
4771 886.015886
4772 886.012849
4773 886.011033
4774 886.009764
4775 886.010089
4776 886.010027
4777 886.009856
4778 886.009482
4779 886.009562
4780 886.008322
4781 886.007942
4782 886.007794
4783 886.007774
4784 886.007699
4785 886.008021
4786 886.008089
4787 886.007636
4788 886.007546
4789 886.006912
4790 886.007185
4791 886.007040
4792 886.006279
4793 886.005624
4794 886.000117
4795 886.000154
4796 885.999998
4797 885.999939
4798 886.000127
4799 886.000062
4800 885.998675
4801 885.998041
4802 885.998638
4803 885.998268
4804 885.998432
4805 885.998218
4806 885.997379
4807 885.997215
4808 885.997481
4809 885.998336
4810 885.994399
4811 885.994033
4812 885.993055
4813 885.992757
4814 885.991732
4815 885.991316
4816 885.991140
4817 885.990918
4818 885.990802
4819 885.988947
4820 885.988809
4821 885.988764
4822 885.988827
4823 885.988320
4824 885.988211
4825 885.987818
4826 885.988542
4827 885.988366
4828 885.989396
4829 885.988577
4830 885.987422
4831 885.987414
4832 885.987630
4833 885.987622
4834 885.986051
4835 885.985295
4836 885.985184
4837 885.984072
4838 885.983855
4839 885.983508
4840 885.982343
4841 885.982536
4842 885.981933
4843 885.981746
4844 885.981568
4845 885.981416
4846 885.981418
4847 885.981254
4848 885.981014
4849 885.980864
4850 885.980920
4851 885.980794
4852 885.981169
4853 885.980884
4854 885.981258
4855 885.982054
4856 885.981569
4857 885.981403
4858 885.981060
4859 885.980744
4860 885.980656
4861 885.980256
4862 885.980185
4863 885.980345
4864 885.974821
4865 885.973415
4866 885.972530
4867 885.971375
4868 885.971358
4869 885.971959
4870 885.972037
4871 885.972222
4872 885.971941
4873 885.971827
4874 885.971426
4875 885.971404
4876 885.970110
4877 885.969629
4878 885.969690
4879 885.969553
4880 885.970025
4881 885.969701
4882 885.969176
4883 885.969201
4884 885.969052
4885 885.968790
4886 885.968453
4887 885.967148
4888 885.967108
4889 885.966983
4890 885.966923
4891 885.966063
4892 885.965360
4893 885.966057
4894 885.966965
4895 885.965816
4896 885.965720
4897 885.965692
4898 885.965779
4899 885.963634
4900 885.963695
4901 885.962311
4902 885.961916
4903 885.956324
4904 885.956646
4905 885.957005
4906 885.956492
4907 885.956304
4908 885.956497
4909 885.956200
4910 885.954831
4911 885.955107
4912 885.954314
4913 885.951931
4914 885.951580
4915 885.951465
4916 885.951370
4917 885.950932
4918 885.950919
4919 885.950508
4920 885.950729
4921 885.950720
4922 885.949957
4923 885.949859
4924 885.949661
4925 885.948215
4926 885.947369
4927 885.947205
4928 885.947346
4929 885.947316
4930 885.946856
4931 885.946786
4932 885.946873
4933 885.946535
4934 885.943566
4935 885.941719
4936 885.941367
4937 885.941193
4938 885.941233
4939 885.939885
4940 885.939834
4941 885.938884
4942 885.938582
4943 885.938567
4944 885.938416
4945 885.937973
4946 885.938100
4947 885.938301
4948 885.937874
4949 885.937627
4950 885.936852
4951 885.934221
4952 885.934670
4953 885.934844
4954 885.934819
4955 885.934346
4956 885.934091
4957 885.932939
4958 885.933027
4959 885.931434
4960 885.931575
4961 885.930900
4962 885.930743
4963 885.929923
4964 885.930109
4965 885.929733
4966 885.930032
4967 885.929162
4968 885.929104
4969 885.929426
4970 885.929144
4971 885.929377
4972 885.929402
4973 885.929253
4974 885.928879
4975 885.929143
4976 885.929214
4977 885.929133
4978 885.928482
4979 885.928085
4980 885.927897
4981 885.927116
4982 885.924837
4983 885.924853
4984 885.924656
4985 885.924679
4986 885.924700
4987 885.924591
4988 885.924664
4989 885.924444
4990 885.924313
4991 885.924251
4992 885.923898
4993 885.924119
4994 885.920768
4995 885.920616
4996 885.920441
4997 885.919967
4998 885.919783
4999 885.919932
5000 885.919929
