1 888.241154
2 734.098068
3 1272.438799
4 1209.457639
5 1297.349843
6 1448.911284
7 32913.802776
8 189294.120925
9 1363.805223
10 267421.502280
11 4501418.220859
12 4501418.220859
13 4537654.634319
14 670521357.690167
15 16196015259.355021
16 16630565648.847216
17 38260976597.655388
18 38448954339.842155
19 38448954339.842155
20 38448954339.842155
21 43993321415.194908
22 43993321415.194908
23 5092182879074.498047
24 631561494869288.000000
25 9966032026802054.000000
26 21896987372218596.000000
27 21896987372218596.000000
28 447916365284858432.000000
29 561798986460829440.000000
30 175952944610435858432.000000
31 175952944610435858432.000000
32 175952944610435858432.000000
33 175952944610435858432.000000
34 176487348026067288064.000000
35 144904131027992985600.000000
36 160171430848499154944.000000
37 17432758672400128000.000000
38 117632667972163911680.000000
39 117632667972163911680.000000
40 117632667972163911680.000000
41 127999105233406328832.000000
42 14933907464144775168.000000
