-4.000000 -4.000000 0.028773
-4.000000 -3.000000 -0.086722
-4.000000 -2.000000 0.260115
-4.000000 -1.000000 0.523295
-4.000000 0.000000 0.478872
-4.000000 1.000000 0.338434
-4.000000 2.000000 0.380802
-4.000000 3.000000 0.414971
-4.000000 4.000000 -0.456304
-3.000000 -4.000000 -0.068386
-3.000000 -3.000000 -0.105766
-3.000000 -2.000000 0.172774
-3.000000 -1.000000 0.397288
-3.000000 0.000000 0.387164
-3.000000 1.000000 0.298511
-3.000000 2.000000 0.375782
-3.000000 3.000000 0.512993
-3.000000 4.000000 0.005428
-2.000000 -4.000000 0.056656
-2.000000 -3.000000 0.013606
-2.000000 -2.000000 0.146186
-2.000000 -1.000000 0.259571
-2.000000 0.000000 0.213213
-2.000000 1.000000 0.101055
-2.000000 2.000000 0.122635
-2.000000 3.000000 0.244258
-2.000000 4.000000 -0.054289
-1.000000 -4.000000 0.120290
-1.000000 -3.000000 0.099014
-1.000000 -2.000000 0.123499
-1.000000 -1.000000 0.173128
-1.000000 0.000000 0.142907
-1.000000 1.000000 0.055932
-1.000000 2.000000 0.054052
-1.000000 3.000000 0.159721
-1.000000 4.000000 0.024737
0.000000 -4.000000 -0.006710
0.000000 -3.000000 0.014927
0.000000 -2.000000 -0.029601
0.000000 -1.000000 0.014243
0.000000 0.000000 0.071451
0.000000 1.000000 0.084130
0.000000 2.000000 0.124486
0.000000 3.000000 0.255332
0.000000 4.000000 0.284871
1.000000 -4.000000 -0.114217
1.000000 -3.000000 -0.100748
1.000000 -2.000000 -0.248351
1.000000 -1.000000 -0.223992
1.000000 0.000000 -0.078821
1.000000 1.000000 0.038261
1.000000 2.000000 0.122351
1.000000 3.000000 0.263569
1.000000 4.000000 0.409404
2.000000 -4.000000 0.119132
2.000000 -3.000000 0.070079
2.000000 -2.000000 -0.238769
2.000000 -1.000000 -0.293881
2.000000 0.000000 -0.129889
2.000000 1.000000 0.011365
2.000000 2.000000 0.055229
2.000000 3.000000 0.105750
2.000000 4.000000 0.227109
3.000000 -4.000000 0.561527
3.000000 -3.000000 0.550479
3.000000 -2.000000 0.137323
3.000000 -1.000000 0.002701
3.000000 0.000000 0.113582
3.000000 1.000000 0.178227
3.000000 2.000000 0.115233
3.000000 3.000000 0.008385
3.000000 4.000000 -0.015817
4.000000 -4.000000 0.234295
4.000000 -3.000000 0.598817
4.000000 -2.000000 0.323396
4.000000 -1.000000 0.190167
4.000000 0.000000 0.133209
4.000000 1.000000 0.028640
4.000000 2.000000 0.014778
4.000000 3.000000 0.028779
4.000000 4.000000 0.101793
