1 888.241154
2 888.240713
3 888.240273
4 888.239832
5 888.239391
6 888.238950
7 888.238509
8 888.238069
9 888.237628
10 888.237187
11 888.236746
12 888.236305
13 888.235865
14 888.235424
15 888.234983
16 888.234542
17 888.234101
18 888.233660
19 888.233220
20 888.232779
21 888.232338
22 888.231897
23 888.231456
24 888.231016
25 888.230575
26 888.230134
27 888.229693
28 888.229252
29 888.228811
30 888.228370
31 888.227930
32 888.227489
33 888.227048
34 888.226607
35 888.226166
36 888.225725
37 888.225285
38 888.224844
39 888.224403
40 888.223962
41 888.223521
42 888.223080
43 888.222639
44 888.222198
45 888.221758
46 888.221317
47 888.220876
48 888.220435
49 888.219994
50 888.219553
51 888.219112
52 888.218671
53 888.218231
54 888.217790
55 888.217349
56 888.216908
57 888.216467
58 888.216026
59 888.215585
60 888.215144
61 888.214703
62 888.214262
63 888.213822
64 888.213381
65 888.212940
66 888.212499
67 888.212058
68 888.211617
69 888.211176
70 888.210735
71 888.210294
72 888.209853
73 888.209412
74 888.208971
75 888.208530
76 888.208089
77 888.207649
78 888.207208
79 888.206767
80 888.206326
81 888.205885
82 888.205444
83 888.205003
84 888.204562
85 888.204121
86 888.203680
87 888.203239
88 888.202798
89 888.202357
90 888.201916
91 888.201475
92 888.201034
93 888.200593
94 888.200152
95 888.199711
96 888.199270
97 888.198829
98 888.198388
99 888.197947
100 888.197506
101 888.197065
102 888.196624
103 888.196183
104 888.195742
105 888.195301
106 888.194860
107 888.194419
108 888.193978
109 888.193537
110 888.193096
111 888.192655
112 888.192214
113 888.191773
114 888.191332
115 888.190891
116 888.190450
117 888.190009
118 888.189568
119 888.189127
120 888.188686
121 888.188245
122 888.187804
123 888.187363
124 888.186922
125 888.186481
126 888.186040
127 888.185599
128 888.185158
129 888.184717
130 888.184276
131 888.183835
132 888.183394
133 888.182953
134 888.182512
135 888.182071
136 888.181630
137 888.181188
138 888.180747
139 888.180306
140 888.179865
141 888.179424
142 888.178983
143 888.178542
144 888.178101
145 888.177660
146 888.177219
147 888.176778
148 888.176337
149 888.175896
150 888.175454
151 888.175013
152 888.174572
153 888.174131
154 888.173690
155 888.173249
156 888.172808
157 888.172367
158 888.171926
159 888.171485
160 888.171043
161 888.170602
162 888.170161
163 888.169720
164 888.169279
165 888.168838
166 888.168397
167 888.167956
168 888.167514
169 888.167073
170 888.166632
171 888.166191
172 888.165750
173 888.165309
174 888.164868
175 888.164427
176 888.163985
177 888.163544
178 888.163103
179 888.162662
180 888.162221
181 888.161780
182 888.161338
183 888.160897
184 888.160456
185 888.160015
186 888.159574
187 888.159133
188 888.158691
189 888.158250
190 888.157809
191 888.157368
192 888.156927
193 888.156486
194 888.156044
195 888.155603
196 888.155162
197 888.154721
198 888.154280
199 888.153838
200 888.153397
201 888.152956
202 888.152515
203 888.152074
204 888.151632
205 888.151191
206 888.150750
207 888.150309
208 888.149868
209 888.149426
210 888.148985
211 888.148544
212 888.148103
213 888.147661
214 888.147220
215 888.146779
216 888.146338
217 888.145897
218 888.145455
219 888.145014
220 888.144573
221 888.144132
222 888.143690
223 888.143249
224 888.142808
225 888.142367
226 888.141925
227 888.141484
228 888.141043
229 888.140602
230 888.140160
231 888.139719
232 888.139278
233 888.138837
234 888.138395
235 888.137954
236 888.137513
237 888.137071
238 888.136630
239 888.136189
240 888.135748
241 888.135306
242 888.134865
243 888.134424
244 888.133982
245 888.133541
246 888.133100
247 888.132659
248 888.132217
249 888.131776
250 888.131335
251 888.130893
252 888.130452
253 888.130011
254 888.129569
255 888.129128
256 888.128687
257 888.128245
258 888.127804
259 888.127363
260 888.126921
261 888.126480
262 888.126039
263 888.125597
264 888.125156
265 888.124715
266 888.124273
267 888.123832
268 888.123391
269 888.122949
270 888.122508
271 888.122067
272 888.121625
273 888.121184
274 888.120743
275 888.120301
276 888.119860
277 888.119418
278 888.118977
279 888.118536
280 888.118094
281 888.117653
282 888.117212
283 888.116770
284 888.116329
285 888.115887
286 888.115446
287 888.115005
288 888.114563
289 888.114122
290 888.113681
291 888.113239
292 888.112798
293 888.112356
294 888.111915
295 888.111473
296 888.111032
297 888.110591
298 888.110149
299 888.109708
300 888.109266
301 888.108825
302 888.108384
303 888.107942
304 888.107501
305 888.107059
306 888.106618
307 888.106176
308 888.105735
309 888.105294
310 888.104852
311 888.104411
312 888.103969
313 888.103528
314 888.103086
315 888.102645
316 888.102203
317 888.101762
318 888.101320
319 888.100879
320 888.100438
321 888.099996
322 888.099555
323 888.099113
324 888.098672
325 888.098230
326 888.097789
327 888.097347
328 888.096906
329 888.096464
330 888.096023
331 888.095581
332 888.095140
333 888.094698
334 888.094257
335 888.093815
336 888.093374
337 888.092932
338 888.092491
339 888.092049
340 888.091608
341 888.091166
342 888.090725
343 888.090283
344 888.089842
345 888.089400
346 888.088959
347 888.088517
348 888.088076
349 888.087634
350 888.087193
351 888.086751
352 888.086309
353 888.085868
354 888.085426
355 888.084985
356 888.084543
357 888.084102
358 888.083660
359 888.083219
360 888.082777
361 888.082336
362 888.081894
363 888.081452
364 888.081011
365 888.080569
366 888.080128
367 888.079686
368 888.079245
369 888.078803
370 888.078361
371 888.077920
372 888.077478
373 888.077037
374 888.076595
375 888.076153
376 888.075712
377 888.075270
378 888.074829
379 888.074387
380 888.073945
381 888.073504
382 888.073062
383 888.072621
384 888.072179
385 888.071737
386 888.071296
387 888.070854
388 888.070413
389 888.069971
390 888.069529
391 888.069088
392 888.068646
393 888.068204
394 888.067763
395 888.067321
396 888.066879
397 888.066438
398 888.065996
399 888.065555
400 888.065113
401 888.064671
402 888.064230
403 888.063788
404 888.063346
405 888.062905
406 888.062463
407 888.062021
408 888.061580
409 888.061138
410 888.060696
411 888.060255
412 888.059813
413 888.059371
414 888.058930
415 888.058488
416 888.058046
417 888.057604
418 888.057163
419 888.056721
420 888.056279
421 888.055838
422 888.055396
423 888.054954
424 888.054513
425 888.054071
426 888.053629
427 888.053187
428 888.052746
429 888.052304
430 888.051862
431 888.051421
432 888.050979
433 888.050537
434 888.050095
435 888.049654
436 888.049212
437 888.048770
438 888.048328
439 888.047887
440 888.047445
441 888.047003
442 888.046561
443 888.046120
444 888.045678
445 888.045236
446 888.044794
447 888.044353
448 888.043911
449 888.043469
450 888.043027
451 888.042585
452 888.042144
453 888.041702
454 888.041260
455 888.040818
456 888.040377
457 888.039935
458 888.039493
459 888.039051
460 888.038609
461 888.038168
462 888.037726
463 888.037284
464 888.036842
465 888.036400
466 888.035959
467 888.035517
468 888.035075
469 888.034633
470 888.034191
471 888.033750
472 888.033308
473 888.032866
474 888.032424
475 888.031982
476 888.031540
477 888.031099
478 888.030657
479 888.030215
480 888.029773
481 888.029331
482 888.028889
483 888.028447
484 888.028006
485 888.027564
486 888.027122
487 888.026680
488 888.026238
489 888.025796
490 888.025354
491 888.024913
492 888.024471
493 888.024029
494 888.023587
495 888.023145
496 888.022703
497 888.022261
498 888.021819
499 888.021377
500 888.020936
501 888.020494
502 888.020052
503 888.019610
504 888.019168
505 888.018726
506 888.018284
507 888.017842
508 888.017400
509 888.016958
510 888.016516
511 888.016075
512 888.015633
513 888.015191
514 888.014749
515 888.014307
516 888.013865
517 888.013423
518 888.012981
519 888.012539
520 888.012097
521 888.011655
522 888.011213
523 888.010771
524 888.010329
525 888.009887
526 888.009445
527 888.009003
528 888.008562
529 888.008120
530 888.007678
531 888.007236
532 888.006794
533 888.006352
534 888.005910
535 888.005468
536 888.005026
537 888.004584
538 888.004142
539 888.003700
540 888.003258
541 888.002816
542 888.002374
543 888.001932
544 888.001490
545 888.001048
546 888.000606
547 888.000164
548 887.999722
549 887.999280
550 887.998838
551 887.998396
552 887.997954
553 887.997512
554 887.997070
555 887.996628
556 887.996185
557 887.995743
558 887.995301
559 887.994859
560 887.994417
561 887.993975
562 887.993533
563 887.993091
564 887.992649
565 887.992207
566 887.991765
567 887.991323
568 887.990881
569 887.990439
570 887.989997
571 887.989555
572 887.989113
573 887.988671
574 887.988228
575 887.987786
576 887.987344
577 887.986902
578 887.986460
579 887.986018
580 887.985576
581 887.985134
582 887.984692
583 887.984250
584 887.983807
585 887.983365
586 887.982923
587 887.982481
588 887.982039
589 887.981597
590 887.981155
591 887.980713
592 887.980271
593 887.979828
594 887.979386
595 887.978944
596 887.978502
597 887.978060
598 887.977618
599 887.977176
600 887.976733
601 887.976291
602 887.975849
603 887.975407
604 887.974965
605 887.974523
606 887.974080
607 887.973638
608 887.973196
609 887.972754
610 887.972312
611 887.971870
612 887.971427
613 887.970985
614 887.970543
615 887.970101
616 887.969659
617 887.969217
618 887.968774
619 887.968332
620 887.967890
621 887.967448
622 887.967006
623 887.966563
624 887.966121
625 887.965679
626 887.965237
627 887.964794
628 887.964352
629 887.963910
630 887.963468
631 887.963026
632 887.962583
633 887.962141
634 887.961699
635 887.961257
636 887.960814
637 887.960372
638 887.959930
639 887.959488
640 887.959045
641 887.958603
642 887.958161
643 887.957719
644 887.957276
645 887.956834
646 887.956392
647 887.955950
648 887.955507
649 887.955065
650 887.954623
651 887.954180
652 887.953738
653 887.953296
654 887.952854
655 887.952411
656 887.951969
657 887.951527
658 887.951084
659 887.950642
660 887.950200
661 887.949757
662 887.949315
663 887.948873
664 887.948431
665 887.947988
666 887.947546
667 887.947104
668 887.946661
669 887.946219
670 887.945777
671 887.945334
672 887.944892
673 887.944450
674 887.944007
675 887.943565
676 887.943123
677 887.942680
678 887.942238
679 887.941795
680 887.941353
681 887.940911
682 887.940468
683 887.940026
684 887.939584
685 887.939141
686 887.938699
687 887.938257
688 887.937814
689 887.937372
690 887.936929
691 887.936487
692 887.936045
693 887.935602
694 887.935160
695 887.934717
696 887.934275
697 887.933833
698 887.933390
699 887.932948
700 887.932505
701 887.932063
702 887.931621
703 887.931178
704 887.930736
705 887.930293
706 887.929851
707 887.929408
708 887.928966
709 887.928524
710 887.928081
711 887.927639
712 887.927196
713 887.926754
714 887.926311
715 887.925869
716 887.925426
717 887.924984
718 887.924542
719 887.924099
720 887.923657
721 887.923214
722 887.922772
723 887.922329
724 887.921887
725 887.921444
726 887.921002
727 887.920559
728 887.920117
729 887.919674
730 887.919232
731 887.918789
732 887.918347
733 887.917904
734 887.917462
735 887.917019
736 887.916577
737 887.916134
738 887.915692
739 887.915249
740 887.914807
741 887.914364
742 887.913922
743 887.913479
744 887.913037
745 887.912594
746 887.912152
747 887.911709
748 887.911266
749 887.910824
750 887.910381
751 887.909939
752 887.909496
753 887.909054
754 887.908611
755 887.908169
756 887.907726
757 887.907283
758 887.906841
759 887.906398
760 887.905956
761 887.905513
762 887.905071
763 887.904628
764 887.904185
765 887.903743
766 887.903300
767 887.902858
768 887.902415
769 887.901972
770 887.901530
771 887.901087
772 887.900645
773 887.900202
774 887.899759
775 887.899317
776 887.898874
777 887.898432
778 887.897989
779 887.897546
780 887.897104
781 887.896661
782 887.896218
783 887.895776
784 887.895333
785 887.894890
786 887.894448
787 887.894005
788 887.893562
789 887.893120
790 887.892677
791 887.892235
792 887.891792
793 887.891349
794 887.890907
795 887.890464
796 887.890021
797 887.889578
798 887.889136
799 887.888693
800 887.888250
801 887.887808
802 887.887365
803 887.886922
804 887.886480
805 887.886037
806 887.885594
807 887.885152
808 887.884709
809 887.884266
810 887.883823
811 887.883381
812 887.882938
813 887.882495
814 887.882053
815 887.881610
816 887.881167
817 887.880724
818 887.880282
819 887.879839
820 887.879396
821 887.878953
822 887.878511
823 887.878068
824 887.877625
825 887.877182
826 887.876740
827 887.876297
828 887.875854
829 887.875411
830 887.874969
831 887.874526
832 887.874083
833 887.873640
834 887.873197
835 887.872755
836 887.872312
837 887.871869
838 887.871426
839 887.870983
840 887.870541
841 887.870098
842 887.869655
843 887.869212
844 887.868769
845 887.868327
846 887.867884
847 887.867441
848 887.866998
849 887.866555
850 887.866113
851 887.865670
852 887.865227
853 887.864784
854 887.864341
855 887.863898
856 887.863455
857 887.863013
858 887.862570
859 887.862127
860 887.861684
861 887.861241
862 887.860798
863 887.860355
864 887.859913
865 887.859470
866 887.859027
867 887.858584
868 887.858141
869 887.857698
870 887.857255
871 887.856812
872 887.856370
873 887.855927
874 887.855484
875 887.855041
876 887.854598
877 887.854155
878 887.853712
879 887.853269
880 887.852826
881 887.852383
882 887.851941
883 887.851498
884 887.851055
885 887.850612
886 887.850169
887 887.849726
888 887.849283
889 887.848840
890 887.848397
891 887.847954
892 887.847511
893 887.847068
894 887.846625
895 887.846182
896 887.845739
897 887.845296
898 887.844853
899 887.844410
900 887.843967
901 887.843524
902 887.843081
903 887.842639
904 887.842196
905 887.841753
906 887.841310
907 887.840867
908 887.840424
909 887.839981
910 887.839538
911 887.839095
912 887.838652
913 887.838209
914 887.837766
915 887.837323
916 887.836880
917 887.836436
918 887.835993
919 887.835550
920 887.835107
921 887.834664
922 887.834221
923 887.833778
924 887.833335
925 887.832892
926 887.832449
927 887.832006
928 887.831563
929 887.831120
930 887.830677
931 887.830234
932 887.829791
933 887.829348
934 887.828905
935 887.828462
936 887.828019
937 887.827575
938 887.827132
939 887.826689
940 887.826246
941 887.825803
942 887.825360
943 887.824917
944 887.824474
945 887.824031
946 887.823588
947 887.823144
948 887.822701
949 887.822258
950 887.821815
951 887.821372
952 887.820929
953 887.820486
954 887.820043
955 887.819599
956 887.819156
957 887.818713
958 887.818270
959 887.817827
960 887.817384
961 887.816941
962 887.816497
963 887.816054
964 887.815611
965 887.815168
966 887.814725
967 887.814282
968 887.813838
969 887.813395
970 887.812952
971 887.812509
972 887.812066
973 887.811623
974 887.811179
975 887.810736
976 887.810293
977 887.809850
978 887.809407
979 887.808963
980 887.808520
981 887.808077
982 887.807634
983 887.807191
984 887.806747
985 887.806304
986 887.805861
987 887.805418
988 887.804974
989 887.804531
990 887.804088
991 887.803645
992 887.803201
993 887.802758
994 887.802315
995 887.801872
996 887.801428
997 887.800985
998 887.800542
999 887.800099
1000 887.799655
1001 887.799212
1002 887.798769
1003 887.798326
1004 887.797882
1005 887.797439
1006 887.796996
1007 887.796552
1008 887.796109
1009 887.795666
1010 887.795223
1011 887.794779
1012 887.794336
1013 887.793893
1014 887.793449
1015 887.793006
1016 887.792563
1017 887.792119
1018 887.791676
1019 887.791233
1020 887.790789
1021 887.790346
1022 887.789903
1023 887.789459
1024 887.789016
1025 887.788573
1026 887.788129
1027 887.787686
1028 887.787243
1029 887.786799
1030 887.786356
1031 887.785913
1032 887.785469
1033 887.785026
1034 887.784582
1035 887.784139
1036 887.783696
1037 887.783252
1038 887.782809
1039 887.782366
1040 887.781922
1041 887.781479
1042 887.781035
1043 887.780592
1044 887.780149
1045 887.779705
1046 887.779262
1047 887.778818
1048 887.778375
1049 887.777932
1050 887.777488
1051 887.777045
1052 887.776601
1053 887.776158
1054 887.775714
1055 887.775271
1056 887.774828
1057 887.774384
1058 887.773941
1059 887.773497
1060 887.773054
1061 887.772610
1062 887.772167
1063 887.771723
1064 887.771280
1065 887.770836
1066 887.770393
1067 887.769950
1068 887.769506
1069 887.769063
1070 887.768619
1071 887.768176
1072 887.767732
1073 887.767289
1074 887.766845
1075 887.766402
1076 887.765958
1077 887.765515
1078 887.765071
1079 887.764628
1080 887.764184
1081 887.763741
1082 887.763297
1083 887.762854
1084 887.762410
1085 887.761966
1086 887.761523
1087 887.761079
1088 887.760636
1089 887.760192
1090 887.759749
1091 887.759305
1092 887.758862
1093 887.758418
1094 887.757975
1095 887.757531
1096 887.757087
1097 887.756644
1098 887.756200
1099 887.755757
1100 887.755313
1101 887.754870
1102 887.754426
1103 887.753982
1104 887.753539
1105 887.753095
1106 887.752652
1107 887.752208
1108 887.751764
1109 887.751321
1110 887.750877
1111 887.750434
1112 887.749990
1113 887.749546
1114 887.749103
1115 887.748659
1116 887.748216
1117 887.747772
1118 887.747328
1119 887.746885
1120 887.746441
1121 887.745997
1122 887.745554
1123 887.745110
1124 887.744666
1125 887.744223
1126 887.743779
1127 887.743335
1128 887.742892
1129 887.742448
1130 887.742004
1131 887.741561
1132 887.741117
1133 887.740673
1134 887.740230
1135 887.739786
1136 887.739342
1137 887.738899
1138 887.738455
1139 887.738011
1140 887.737568
1141 887.737124
1142 887.736680
1143 887.736237
1144 887.735793
1145 887.735349
1146 887.734905
1147 887.734462
1148 887.734018
1149 887.733574
1150 887.733130
1151 887.732687
1152 887.732243
1153 887.731799
1154 887.731355
1155 887.730912
1156 887.730468
1157 887.730024
1158 887.729580
1159 887.729137
1160 887.728693
1161 887.728249
1162 887.727805
1163 887.727362
1164 887.726918
1165 887.726474
1166 887.726030
1167 887.725587
1168 887.725143
1169 887.724699
1170 887.724255
1171 887.723811
1172 887.723368
1173 887.722924
1174 887.722480
1175 887.722036
1176 887.721592
1177 887.721148
1178 887.720705
1179 887.720261
1180 887.719817
1181 887.719373
1182 887.718929
1183 887.718486
1184 887.718042
1185 887.717598
1186 887.717154
1187 887.716710
1188 887.716266
1189 887.715822
1190 887.715379
1191 887.714935
1192 887.714491
1193 887.714047
1194 887.713603
1195 887.713159
1196 887.712715
1197 887.712271
1198 887.711828
1199 887.711384
1200 887.710940
1201 887.710496
1202 887.710052
1203 887.709608
1204 887.709164
1205 887.708720
1206 887.708276
1207 887.707832
1208 887.707389
1209 887.706945
1210 887.706501
1211 887.706057
1212 887.705613
1213 887.705169
1214 887.704725
1215 887.704281
1216 887.703837
1217 887.703393
1218 887.702949
1219 887.702505
1220 887.702061
1221 887.701617
1222 887.701173
1223 887.700729
1224 887.700285
1225 887.699841
1226 887.699397
1227 887.698953
1228 887.698509
1229 887.698066
1230 887.697622
1231 887.697178
1232 887.696734
1233 887.696290
1234 887.695846
1235 887.695402
1236 887.694958
1237 887.694514
1238 887.694069
1239 887.693625
1240 887.693181
1241 887.692737
1242 887.692293
1243 887.691849
1244 887.691405
1245 887.690961
1246 887.690517
1247 887.690073
1248 887.689629
1249 887.689185
1250 887.688741
1251 887.688297
1252 887.687853
1253 887.687409
1254 887.686965
1255 887.686521
1256 887.686077
1257 887.685633
1258 887.685188
1259 887.684744
1260 887.684300
1261 887.683856
1262 887.683412
1263 887.682968
1264 887.682524
1265 887.682080
1266 887.681636
1267 887.681192
1268 887.680747
1269 887.680303
1270 887.679859
1271 887.679415
1272 887.678971
1273 887.678527
1274 887.678083
1275 887.677639
1276 887.677194
1277 887.676750
1278 887.676306
1279 887.675862
1280 887.675418
1281 887.674974
1282 887.674530
1283 887.674085
1284 887.673641
1285 887.673197
1286 887.672753
1287 887.672309
1288 887.671865
1289 887.671420
1290 887.670976
1291 887.670532
1292 887.670088
1293 887.669644
1294 887.669199
1295 887.668755
1296 887.668311
1297 887.667867
1298 887.667423
1299 887.666978
1300 887.666534
1301 887.666090
1302 887.665646
1303 887.665201
1304 887.664757
1305 887.664313
1306 887.663869
1307 887.663424
1308 887.662980
1309 887.662536
1310 887.662092
1311 887.661647
1312 887.661203
1313 887.660759
1314 887.660315
1315 887.659870
1316 887.659426
1317 887.658982
1318 887.658538
1319 887.658093
1320 887.657649
1321 887.657205
1322 887.656760
1323 887.656316
1324 887.655872
1325 887.655428
1326 887.654983
1327 887.654539
1328 887.654095
1329 887.653650
1330 887.653206
1331 887.652762
1332 887.652317
1333 887.651873
1334 887.651429
1335 887.650984
1336 887.650540
1337 887.650096
1338 887.649651
1339 887.649207
1340 887.648763
1341 887.648318
1342 887.647874
1343 887.647429
1344 887.646985
1345 887.646541
1346 887.646096
1347 887.645652
1348 887.645208
1349 887.644763
1350 887.644319
1351 887.643874
1352 887.643430
1353 887.642986
1354 887.642541
1355 887.642097
1356 887.641652
1357 887.641208
1358 887.640764
1359 887.640319
1360 887.639875
1361 887.639430
1362 887.638986
1363 887.638541
1364 887.638097
1365 887.637653
1366 887.637208
1367 887.636764
1368 887.636319
1369 887.635875
1370 887.635430
1371 887.634986
1372 887.634541
1373 887.634097
1374 887.633652
1375 887.633208
1376 887.632764
1377 887.632319
1378 887.631875
1379 887.631430
1380 887.630986
1381 887.630541
1382 887.630097
1383 887.629652
1384 887.629208
1385 887.628763
1386 887.628319
1387 887.627874
1388 887.627430
1389 887.626985
1390 887.626540
1391 887.626096
1392 887.625651
1393 887.625207
1394 887.624762
1395 887.624318
1396 887.623873
1397 887.623429
1398 887.622984
1399 887.622540
1400 887.622095
1401 887.621650
1402 887.621206
1403 887.620761
1404 887.620317
1405 887.619872
1406 887.619428
1407 887.618983
1408 887.618538
1409 887.618094
1410 887.617649
1411 887.617205
1412 887.616760
1413 887.616315
1414 887.615871
1415 887.615426
1416 887.614982
1417 887.614537
1418 887.614092
1419 887.613648
1420 887.613203
1421 887.612759
1422 887.612314
1423 887.611869
1424 887.611425
1425 887.610980
1426 887.610535
1427 887.610091
1428 887.609646
1429 887.609201
1430 887.608757
1431 887.608312
1432 887.607867
1433 887.607423
1434 887.606978
1435 887.606533
1436 887.606089
1437 887.605644
1438 887.605199
1439 887.604755
1440 887.604310
1441 887.603865
1442 887.603420
1443 887.602976
1444 887.602531
1445 887.602086
1446 887.601642
1447 887.601197
1448 887.600752
1449 887.600307
1450 887.599863
1451 887.599418
1452 887.598973
1453 887.598528
1454 887.598084
1455 887.597639
1456 887.597194
1457 887.596749
1458 887.596305
1459 887.595860
1460 887.595415
1461 887.594970
1462 887.594526
1463 887.594081
1464 887.593636
1465 887.593191
1466 887.592746
1467 887.592302
1468 887.591857
1469 887.591412
1470 887.590967
1471 887.590522
1472 887.590078
1473 887.589633
1474 887.589188
1475 887.588743
1476 887.588298
1477 887.587854
1478 887.587409
1479 887.586964
1480 887.586519
1481 887.586074
1482 887.585629
1483 887.585185
1484 887.584740
1485 887.584295
1486 887.583850
1487 887.583405
1488 887.582960
1489 887.582515
1490 887.582070
1491 887.581626
1492 887.581181
1493 887.580736
1494 887.580291
1495 887.579846
1496 887.579401
1497 887.578956
1498 887.578511
1499 887.578066
1500 887.577622
1501 887.577177
1502 887.576732
1503 887.576287
1504 887.575842
1505 887.575397
1506 887.574952
1507 887.574507
1508 887.574062
1509 887.573617
1510 887.573172
1511 887.572727
1512 887.572282
1513 887.571837
1514 887.571392
1515 887.570948
1516 887.570503
1517 887.570058
1518 887.569613
1519 887.569168
1520 887.568723
1521 887.568278
1522 887.567833
1523 887.567388
1524 887.566943
1525 887.566498
1526 887.566053
1527 887.565608
1528 887.565163
1529 887.564718
1530 887.564273
1531 887.563828
1532 887.563383
1533 887.562938
1534 887.562493
1535 887.562048
1536 887.561602
1537 887.561157
1538 887.560712
1539 887.560267
1540 887.559822
1541 887.559377
1542 887.558932
1543 887.558487
1544 887.558042
1545 887.557597
1546 887.557152
1547 887.556707
1548 887.556262
1549 887.555817
1550 887.555372
1551 887.554926
1552 887.554481
1553 887.554036
1554 887.553591
1555 887.553146
1556 887.552701
1557 887.552256
1558 887.551811
1559 887.551366
1560 887.550921
1561 887.550475
1562 887.550030
1563 887.549585
1564 887.549140
1565 887.548695
1566 887.548250
1567 887.547805
1568 887.547359
1569 887.546914
1570 887.546469
1571 887.546024
1572 887.545579
1573 887.545134
1574 887.544688
1575 887.544243
1576 887.543798
1577 887.543353
1578 887.542908
1579 887.542462
1580 887.542017
1581 887.541572
1582 887.541127
1583 887.540682
1584 887.540236
1585 887.539791
1586 887.539346
1587 887.538901
1588 887.538456
1589 887.538010
1590 887.537565
1591 887.537120
1592 887.536675
1593 887.536229
1594 887.535784
1595 887.535339
1596 887.534894
1597 887.534448
1598 887.534003
1599 887.533558
1600 887.533113
1601 887.532667
1602 887.532222
1603 887.531777
1604 887.531331
1605 887.530886
1606 887.530441
1607 887.529996
1608 887.529550
1609 887.529105
1610 887.528660
1611 887.528214
1612 887.527769
1613 887.527324
1614 887.526878
1615 887.526433
1616 887.525988
1617 887.525542
1618 887.525097
1619 887.524652
1620 887.524206
1621 887.523761
1622 887.523316
1623 887.522870
1624 887.522425
1625 887.521980
1626 887.521534
1627 887.521089
1628 887.520644
1629 887.520198
1630 887.519753
1631 887.519307
1632 887.518862
1633 887.518417
1634 887.517971
1635 887.517526
1636 887.517080
1637 887.516635
1638 887.516190
1639 887.515744
1640 887.515299
1641 887.514853
1642 887.514408
1643 887.513963
1644 887.513517
1645 887.513072
1646 887.512626
1647 887.512181
1648 887.511735
1649 887.511290
1650 887.510844
1651 887.510399
1652 887.509954
1653 887.509508
1654 887.509063
1655 887.508617
1656 887.508172
1657 887.507726
1658 887.507281
1659 887.506835
1660 887.506390
1661 887.505944
1662 887.505499
1663 887.505053
1664 887.504608
1665 887.504162
1666 887.503717
1667 887.503271
1668 887.502826
1669 887.502380
1670 887.501935
1671 887.501489
1672 887.501044
1673 887.500598
1674 887.500152
1675 887.499707
1676 887.499261
1677 887.498816
1678 887.498370
1679 887.497925
1680 887.497479
1681 887.497034
1682 887.496588
1683 887.496142
1684 887.495697
1685 887.495251
1686 887.494806
1687 887.494360
1688 887.493914
1689 887.493469
1690 887.493023
1691 887.492578
1692 887.492132
1693 887.491686
1694 887.491241
1695 887.490795
1696 887.490350
1697 887.489904
1698 887.489458
1699 887.489013
1700 887.488567
1701 887.488121
1702 887.487676
1703 887.487230
1704 887.486784
1705 887.486339
1706 887.485893
1707 887.485447
1708 887.485002
1709 887.484556
1710 887.484110
1711 887.483665
1712 887.483219
1713 887.482773
1714 887.482328
1715 887.481882
1716 887.481436
1717 887.480991
1718 887.480545
1719 887.480099
1720 887.479653
1721 887.479208
1722 887.478762
1723 887.478316
1724 887.477870
1725 887.477425
1726 887.476979
1727 887.476533
1728 887.476088
1729 887.475642
1730 887.475196
1731 887.474750
1732 887.474305
1733 887.473859
1734 887.473413
1735 887.472967
1736 887.472521
1737 887.472076
1738 887.471630
1739 887.471184
1740 887.470738
1741 887.470292
1742 887.469847
1743 887.469401
1744 887.468955
1745 887.468509
1746 887.468063
1747 887.467618
1748 887.467172
1749 887.466726
1750 887.466280
1751 887.465834
1752 887.465388
1753 887.464943
1754 887.464497
1755 887.464051
1756 887.463605
1757 887.463159
1758 887.462713
1759 887.462268
1760 887.461822
1761 887.461376
1762 887.460930
1763 887.460484
1764 887.460038
1765 887.459592
1766 887.459146
1767 887.458700
1768 887.458255
1769 887.457809
1770 887.457363
1771 887.456917
1772 887.456471
1773 887.456025
1774 887.455579
1775 887.455133
1776 887.454687
1777 887.454241
1778 887.453795
1779 887.453349
1780 887.452903
1781 887.452458
1782 887.452012
1783 887.451566
1784 887.451120
1785 887.450674
1786 887.450228
1787 887.449782
1788 887.449336
1789 887.448890
1790 887.448444
1791 887.447998
1792 887.447552
1793 887.447106
1794 887.446660
1795 887.446214
1796 887.445768
1797 887.445322
1798 887.444876
1799 887.444430
1800 887.443984
1801 887.443538
1802 887.443092
1803 887.442646
1804 887.442200
1805 887.441754
1806 887.441308
1807 887.440861
1808 887.440415
1809 887.439969
1810 887.439523
1811 887.439077
1812 887.438631
1813 887.438185
1814 887.437739
1815 887.437293
1816 887.436847
1817 887.436401
1818 887.435955
1819 887.435509
1820 887.435062
1821 887.434616
1822 887.434170
1823 887.433724
1824 887.433278
1825 887.432832
1826 887.432386
1827 887.431940
1828 887.431494
1829 887.431047
1830 887.430601
1831 887.430155
1832 887.429709
1833 887.429263
1834 887.428817
1835 887.428371
1836 887.427924
1837 887.427478
1838 887.427032
1839 887.426586
1840 887.426140
1841 887.425693
1842 887.425247
1843 887.424801
1844 887.424355
1845 887.423909
1846 887.423462
1847 887.423016
1848 887.422570
1849 887.422124
1850 887.421678
1851 887.421231
1852 887.420785
1853 887.420339
1854 887.419893
1855 887.419446
1856 887.419000
1857 887.418554
1858 887.418108
1859 887.417662
1860 887.417215
1861 887.416769
1862 887.416323
1863 887.415876
1864 887.415430
1865 887.414984
1866 887.414538
1867 887.414091
1868 887.413645
1869 887.413199
1870 887.412752
1871 887.412306
1872 887.411860
1873 887.411414
1874 887.410967
1875 887.410521
1876 887.410075
1877 887.409628
1878 887.409182
1879 887.408736
1880 887.408289
1881 887.407843
1882 887.407397
1883 887.406950
1884 887.406504
1885 887.406058
1886 887.405611
1887 887.405165
1888 887.404718
1889 887.404272
1890 887.403826
1891 887.403379
1892 887.402933
1893 887.402487
1894 887.402040
1895 887.401594
1896 887.401147
1897 887.400701
1898 887.400255
1899 887.399808
1900 887.399362
1901 887.398915
1902 887.398469
1903 887.398022
1904 887.397576
1905 887.397130
1906 887.396683
1907 887.396237
1908 887.395790
1909 887.395344
1910 887.394897
1911 887.394451
1912 887.394004
1913 887.393558
1914 887.393111
1915 887.392665
1916 887.392219
1917 887.391772
1918 887.391326
1919 887.390879
1920 887.390433
1921 887.389986
1922 887.389540
1923 887.389093
1924 887.388647
1925 887.388200
1926 887.387754
1927 887.387307
1928 887.386860
1929 887.386414
1930 887.385967
1931 887.385521
1932 887.385074
1933 887.384628
1934 887.384181
1935 887.383735
1936 887.383288
1937 887.382842
1938 887.382395
1939 887.381948
1940 887.381502
1941 887.381055
1942 887.380609
1943 887.380162
1944 887.379715
1945 887.379269
1946 887.378822
1947 887.378376
1948 887.377929
1949 887.377482
1950 887.377036
1951 887.376589
1952 887.376143
1953 887.375696
1954 887.375249
1955 887.374803
1956 887.374356
1957 887.373909
1958 887.373463
1959 887.373016
1960 887.372569
1961 887.372123
1962 887.371676
1963 887.371229
1964 887.370783
1965 887.370336
1966 887.369889
1967 887.369443
1968 887.368996
1969 887.368549
1970 887.368103
1971 887.367656
1972 887.367209
1973 887.366763
1974 887.366316
1975 887.365869
1976 887.365422
1977 887.364976
1978 887.364529
1979 887.364082
1980 887.363635
1981 887.363189
1982 887.362742
1983 887.362295
1984 887.361848
1985 887.361402
1986 887.360955
1987 887.360508
1988 887.360061
1989 887.359615
1990 887.359168
1991 887.358721
1992 887.358274
1993 887.357828
1994 887.357381
1995 887.356934
1996 887.356487
1997 887.356040
1998 887.355593
1999 887.355147
2000 887.354700
2001 887.354253
2002 887.353806
2003 887.353359
2004 887.352913
2005 887.352466
2006 887.352019
2007 887.351572
2008 887.351125
2009 887.350678
2010 887.350231
2011 887.349785
2012 887.349338
2013 887.348891
2014 887.348444
2015 887.347997
2016 887.347550
2017 887.347103
2018 887.346656
2019 887.346210
2020 887.345763
2021 887.345316
2022 887.344869
2023 887.344422
2024 887.343975
2025 887.343528
2026 887.343081
2027 887.342634
2028 887.342187
2029 887.341740
2030 887.341293
2031 887.340846
2032 887.340399
2033 887.339953
2034 887.339506
2035 887.339059
2036 887.338612
2037 887.338165
2038 887.337718
2039 887.337271
2040 887.336824
2041 887.336377
2042 887.335930
2043 887.335483
2044 887.335036
2045 887.334589
2046 887.334142
2047 887.333695
2048 887.333248
2049 887.332801
2050 887.332354
2051 887.331907
2052 887.331460
2053 887.331013
2054 887.330565
2055 887.330118
2056 887.329671
2057 887.329224
2058 887.328777
2059 887.328330
2060 887.327883
2061 887.327436
2062 887.326989
2063 887.326542
2064 887.326095
2065 887.325648
2066 887.325201
2067 887.324754
2068 887.324306
2069 887.323859
2070 887.323412
2071 887.322965
2072 887.322518
2073 887.322071
2074 887.321624
2075 887.321177
2076 887.320730
2077 887.320282
2078 887.319835
2079 887.319388
2080 887.318941
2081 887.318494
2082 887.318047
2083 887.317599
2084 887.317152
2085 887.316705
2086 887.316258
2087 887.315811
2088 887.315364
2089 887.314916
2090 887.314469
2091 887.314022
2092 887.313575
2093 887.313128
2094 887.312680
2095 887.312233
2096 887.311786
2097 887.311339
2098 887.310892
2099 887.310444
2100 887.309997
2101 887.309550
2102 887.309103
2103 887.308655
2104 887.308208
2105 887.307761
2106 887.307314
2107 887.306866
2108 887.306419
2109 887.305972
2110 887.305524
2111 887.305077
2112 887.304630
2113 887.304183
2114 887.303735
2115 887.303288
2116 887.302841
2117 887.302393
2118 887.301946
2119 887.301499
2120 887.301051
2121 887.300604
2122 887.300157
2123 887.299709
2124 887.299262
2125 887.298815
2126 887.298367
2127 887.297920
2128 887.297473
2129 887.297025
2130 887.296578
2131 887.296131
2132 887.295683
2133 887.295236
2134 887.294789
2135 887.294341
2136 887.293894
2137 887.293446
2138 887.292999
2139 887.292552
2140 887.292104
2141 887.291657
2142 887.291209
2143 887.290762
2144 887.290315
2145 887.289867
2146 887.289420
2147 887.288972
2148 887.288525
2149 887.288077
2150 887.287630
2151 887.287182
2152 887.286735
2153 887.286288
2154 887.285840
2155 887.285393
2156 887.284945
2157 887.284498
2158 887.284050
2159 887.283603
2160 887.283155
2161 887.282708
2162 887.282260
2163 887.281813
2164 887.281365
2165 887.280918
2166 887.280470
2167 887.280023
2168 887.279575
2169 887.279128
2170 887.278680
2171 887.278233
2172 887.277785
2173 887.277338
2174 887.276890
2175 887.276442
2176 887.275995
2177 887.275547
2178 887.275100
2179 887.274652
2180 887.274205
2181 887.273757
2182 887.273309
2183 887.272862
2184 887.272414
2185 887.271967
2186 887.271519
2187 887.271071
2188 887.270624
2189 887.270176
2190 887.269729
2191 887.269281
2192 887.268833
2193 887.268386
2194 887.267938
2195 887.267490
2196 887.267043
2197 887.266595
2198 887.266148
2199 887.265700
2200 887.265252
2201 887.264805
2202 887.264357
2203 887.263909
2204 887.263462
2205 887.263014
2206 887.262566
2207 887.262118
2208 887.261671
2209 887.261223
2210 887.260775
2211 887.260328
2212 887.259880
2213 887.259432
2214 887.258984
2215 887.258537
2216 887.258089
2217 887.257641
2218 887.257194
2219 887.256746
2220 887.256298
2221 887.255850
2222 887.255403
2223 887.254955
2224 887.254507
2225 887.254059
2226 887.253612
2227 887.253164
2228 887.252716
2229 887.252268
2230 887.251820
2231 887.251373
2232 887.250925
2233 887.250477
2234 887.250029
2235 887.249581
2236 887.249134
2237 887.248686
2238 887.248238
2239 887.247790
2240 887.247342
2241 887.246894
2242 887.246447
2243 887.245999
2244 887.245551
2245 887.245103
2246 887.244655
2247 887.244207
2248 887.243759
2249 887.243312
2250 887.242864
2251 887.242416
2252 887.241968
2253 887.241520
2254 887.241072
2255 887.240624
2256 887.240176
2257 887.239728
2258 887.239280
2259 887.238833
2260 887.238385
2261 887.237937
2262 887.237489
2263 887.237041
2264 887.236593
2265 887.236145
2266 887.235697
2267 887.235249
2268 887.234801
2269 887.234353
2270 887.233905
2271 887.233457
2272 887.233009
2273 887.232561
2274 887.232113
2275 887.231665
2276 887.231217
2277 887.230769
2278 887.230321
2279 887.229873
2280 887.229425
2281 887.228977
2282 887.228529
2283 887.228081
2284 887.227633
2285 887.227185
2286 887.226737
2287 887.226289
2288 887.225841
2289 887.225393
2290 887.224945
2291 887.224497
2292 887.224049
2293 887.223601
2294 887.223153
2295 887.222705
2296 887.222257
2297 887.221808
2298 887.221360
2299 887.220912
2300 887.220464
2301 887.220016
2302 887.219568
2303 887.219120
2304 887.218672
2305 887.218224
2306 887.217776
2307 887.217327
2308 887.216879
2309 887.216431
2310 887.215983
2311 887.215535
2312 887.215087
2313 887.214639
2314 887.214190
2315 887.213742
2316 887.213294
2317 887.212846
2318 887.212398
2319 887.211950
2320 887.211501
2321 887.211053
2322 887.210605
2323 887.210157
2324 887.209709
2325 887.209260
2326 887.208812
2327 887.208364
2328 887.207916
2329 887.207467
2330 887.207019
2331 887.206571
2332 887.206123
2333 887.205675
2334 887.205226
2335 887.204778
2336 887.204330
2337 887.203882
2338 887.203433
2339 887.202985
2340 887.202537
2341 887.202088
2342 887.201640
2343 887.201192
2344 887.200744
2345 887.200295
2346 887.199847
2347 887.199399
2348 887.198950
2349 887.198502
2350 887.198054
2351 887.197605
2352 887.197157
2353 887.196709
2354 887.196260
2355 887.195812
2356 887.195364
2357 887.194915
2358 887.194467
2359 887.194019
2360 887.193570
2361 887.193122
2362 887.192674
2363 887.192225
2364 887.191777
2365 887.191328
2366 887.190880
2367 887.190432
2368 887.189983
2369 887.189535
2370 887.189086
2371 887.188638
2372 887.188190
2373 887.187741
2374 887.187293
2375 887.186844
2376 887.186396
2377 887.185947
2378 887.185499
2379 887.185050
2380 887.184602
2381 887.184154
2382 887.183705
2383 887.183257
2384 887.182808
2385 887.182360
2386 887.181911
2387 887.181463
2388 887.181014
2389 887.180566
2390 887.180117
2391 887.179669
2392 887.179220
2393 887.178772
2394 887.178323
2395 887.177875
2396 887.177426
2397 887.176978
2398 887.176529
2399 887.176081
2400 887.175632
2401 887.175183
2402 887.174735
2403 887.174286
2404 887.173838
2405 887.173389
2406 887.172941
2407 887.172492
2408 887.172043
2409 887.171595
2410 887.171146
2411 887.170698
2412 887.170249
2413 887.169800
2414 887.169352
2415 887.168903
2416 887.168455
2417 887.168006
2418 887.167557
2419 887.167109
2420 887.166660
2421 887.166212
2422 887.165763
2423 887.165314
2424 887.164866
2425 887.164417
2426 887.163968
2427 887.163520
2428 887.163071
2429 887.162622
2430 887.162174
2431 887.161725
2432 887.161276
2433 887.160827
2434 887.160379
2435 887.159930
2436 887.159481
2437 887.159033
2438 887.158584
2439 887.158135
2440 887.157686
2441 887.157238
2442 887.156789
2443 887.156340
2444 887.155892
2445 887.155443
2446 887.154994
2447 887.154545
2448 887.154096
2449 887.153648
2450 887.153199
2451 887.152750
2452 887.152301
2453 887.151853
2454 887.151404
2455 887.150955
2456 887.150506
2457 887.150057
2458 887.149609
2459 887.149160
2460 887.148711
2461 887.148262
2462 887.147813
2463 887.147364
2464 887.146916
2465 887.146467
2466 887.146018
2467 887.145569
2468 887.145120
2469 887.144671
2470 887.144223
2471 887.143774
2472 887.143325
2473 887.142876
2474 887.142427
2475 887.141978
2476 887.141529
2477 887.141080
2478 887.140631
2479 887.140183
2480 887.139734
2481 887.139285
2482 887.138836
2483 887.138387
2484 887.137938
2485 887.137489
2486 887.137040
2487 887.136591
2488 887.136142
2489 887.135693
2490 887.135244
2491 887.134795
2492 887.134346
2493 887.133897
2494 887.133448
2495 887.132999
2496 887.132550
2497 887.132101
2498 887.131652
2499 887.131203
2500 887.130754
2501 887.130305
2502 887.129856
2503 887.129407
2504 887.128958
2505 887.128509
2506 887.128060
2507 887.127611
2508 887.127162
2509 887.126713
2510 887.126264
2511 887.125815
2512 887.125366
2513 887.124917
2514 887.124468
2515 887.124019
2516 887.123570
2517 887.123121
2518 887.122672
2519 887.122222
2520 887.121773
2521 887.121324
2522 887.120875
2523 887.120426
2524 887.119977
2525 887.119528
2526 887.119079
2527 887.118630
2528 887.118180
2529 887.117731
2530 887.117282
2531 887.116833
2532 887.116384
2533 887.115935
2534 887.115486
2535 887.115036
2536 887.114587
2537 887.114138
2538 887.113689
2539 887.113240
2540 887.112790
2541 887.112341
2542 887.111892
2543 887.111443
2544 887.110994
2545 887.110544
2546 887.110095
2547 887.109646
2548 887.109197
2549 887.108748
2550 887.108298
2551 887.107849
2552 887.107400
2553 887.106951
2554 887.106501
2555 887.106052
2556 887.105603
2557 887.105154
2558 887.104704
2559 887.104255
2560 887.103806
2561 887.103356
2562 887.102907
2563 887.102458
2564 887.102009
2565 887.101559
2566 887.101110
2567 887.100661
2568 887.100211
2569 887.099762
2570 887.099313
2571 887.098863
2572 887.098414
2573 887.097965
2574 887.097515
2575 887.097066
2576 887.096617
2577 887.096167
2578 887.095718
2579 887.095268
2580 887.094819
2581 887.094370
2582 887.093920
2583 887.093471
2584 887.093021
2585 887.092572
2586 887.092123
2587 887.091673
2588 887.091224
2589 887.090774
2590 887.090325
2591 887.089876
2592 887.089426
2593 887.088977
2594 887.088527
2595 887.088078
2596 887.087628
2597 887.087179
2598 887.086729
2599 887.086280
2600 887.085830
2601 887.085381
2602 887.084931
2603 887.084482
2604 887.084033
2605 887.083583
2606 887.083134
2607 887.082684
2608 887.082234
2609 887.081785
2610 887.081335
2611 887.080886
2612 887.080436
2613 887.079987
2614 887.079537
2615 887.079088
2616 887.078638
2617 887.078189
2618 887.077739
2619 887.077290
2620 887.076840
2621 887.076390
2622 887.075941
2623 887.075491
2624 887.075042
2625 887.074592
2626 887.074142
2627 887.073693
2628 887.073243
2629 887.072794
2630 887.072344
2631 887.071894
2632 887.071445
2633 887.070995
2634 887.070546
2635 887.070096
2636 887.069646
2637 887.069197
2638 887.068747
2639 887.068297
2640 887.067848
2641 887.067398
2642 887.066948
2643 887.066499
2644 887.066049
2645 887.065599
2646 887.065150
2647 887.064700
2648 887.064250
2649 887.063800
2650 887.063351
2651 887.062901
2652 887.062451
2653 887.062002
2654 887.061552
2655 887.061102
2656 887.060652
2657 887.060203
2658 887.059753
2659 887.059303
2660 887.058853
2661 887.058404
2662 887.057954
2663 887.057504
2664 887.057054
2665 887.056604
2666 887.056155
2667 887.055705
2668 887.055255
2669 887.054805
2670 887.054355
2671 887.053906
2672 887.053456
2673 887.053006
2674 887.052556
2675 887.052106
2676 887.051656
2677 887.051207
2678 887.050757
2679 887.050307
2680 887.049857
2681 887.049407
2682 887.048957
2683 887.048507
2684 887.048058
2685 887.047608
2686 887.047158
2687 887.046708
2688 887.046258
2689 887.045808
2690 887.045358
2691 887.044908
2692 887.044458
2693 887.044008
2694 887.043559
2695 887.043109
2696 887.042659
2697 887.042209
2698 887.041759
2699 887.041309
2700 887.040859
2701 887.040409
2702 887.039959
2703 887.039509
2704 887.039059
2705 887.038609
2706 887.038159
2707 887.037709
2708 887.037259
2709 887.036809
2710 887.036359
2711 887.035909
2712 887.035459
2713 887.035009
2714 887.034559
2715 887.034109
2716 887.033659
2717 887.033209
2718 887.032759
2719 887.032309
2720 887.031859
2721 887.031409
2722 887.030959
2723 887.030509
2724 887.030059
2725 887.029608
2726 887.029158
2727 887.028708
2728 887.028258
2729 887.027808
2730 887.027358
2731 887.026908
2732 887.026458
2733 887.026008
2734 887.025558
2735 887.025107
2736 887.024657
2737 887.024207
2738 887.023757
2739 887.023307
2740 887.022857
2741 887.022407
2742 887.021956
2743 887.021506
2744 887.021056
2745 887.020606
2746 887.020156
2747 887.019706
2748 887.019255
2749 887.018805
2750 887.018355
2751 887.017905
2752 887.017455
2753 887.017004
2754 887.016554
2755 887.016104
2756 887.015654
2757 887.015203
2758 887.014753
2759 887.014303
2760 887.013853
2761 887.013402
2762 887.012952
2763 887.012502
2764 887.012052
2765 887.011601
2766 887.011151
2767 887.010701
2768 887.010251
2769 887.009800
2770 887.009350
2771 887.008900
2772 887.008449
2773 887.007999
2774 887.007549
2775 887.007098
2776 887.006648
2777 887.006198
2778 887.005747
2779 887.005297
2780 887.004847
2781 887.004396
2782 887.003946
2783 887.003496
2784 887.003045
2785 887.002595
2786 887.002145
2787 887.001694
2788 887.001244
2789 887.000793
2790 887.000343
2791 886.999893
2792 886.999442
2793 886.998992
2794 886.998541
2795 886.998091
2796 886.997640
2797 886.997190
2798 886.996740
2799 886.996289
2800 886.995839
2801 886.995388
2802 886.994938
2803 886.994487
2804 886.994037
2805 886.993586
2806 886.993136
2807 886.992685
2808 886.992235
2809 886.991784
2810 886.991334
2811 886.990883
2812 886.990433
2813 886.989982
2814 886.989532
2815 886.989081
2816 886.988631
2817 886.988180
2818 886.987730
2819 886.987279
2820 886.986829
2821 886.986378
2822 886.985928
2823 886.985477
2824 886.985026
2825 886.984576
2826 886.984125
2827 886.983675
2828 886.983224
2829 886.982774
2830 886.982323
2831 886.981872
2832 886.981422
2833 886.980971
2834 886.980521
2835 886.980070
2836 886.979619
2837 886.979169
2838 886.978718
2839 886.978267
2840 886.977817
2841 886.977366
2842 886.976915
2843 886.976465
2844 886.976014
2845 886.975563
2846 886.975113
2847 886.974662
2848 886.974211
2849 886.973761
2850 886.973310
2851 886.972859
2852 886.972409
2853 886.971958
2854 886.971507
2855 886.971056
2856 886.970606
2857 886.970155
2858 886.969704
2859 886.969254
2860 886.968803
2861 886.968352
2862 886.967901
2863 886.967450
2864 886.967000
2865 886.966549
2866 886.966098
2867 886.965647
2868 886.965197
2869 886.964746
2870 886.964295
2871 886.963844
2872 886.963393
2873 886.962943
2874 886.962492
2875 886.962041
2876 886.961590
2877 886.961139
2878 886.960688
2879 886.960238
2880 886.959787
2881 886.959336
2882 886.958885
2883 886.958434
2884 886.957983
2885 886.957532
2886 886.957082
2887 886.956631
2888 886.956180
2889 886.955729
2890 886.955278
2891 886.954827
2892 886.954376
2893 886.953925
2894 886.953474
2895 886.953023
2896 886.952573
2897 886.952122
2898 886.951671
2899 886.951220
2900 886.950769
2901 886.950318
2902 886.949867
2903 886.949416
2904 886.948965
2905 886.948514
2906 886.948063
2907 886.947612
2908 886.947161
2909 886.946710
2910 886.946259
2911 886.945808
2912 886.945357
2913 886.944906
2914 886.944455
2915 886.944004
2916 886.943553
2917 886.943102
2918 886.942651
2919 886.942200
2920 886.941749
2921 886.941298
2922 886.940847
2923 886.940395
2924 886.939944
2925 886.939493
2926 886.939042
2927 886.938591
2928 886.938140
2929 886.937689
2930 886.937238
2931 886.936787
2932 886.936336
2933 886.935885
2934 886.935433
2935 886.934982
2936 886.934531
2937 886.934080
2938 886.933629
2939 886.933178
2940 886.932727
2941 886.932275
2942 886.931824
2943 886.931373
2944 886.930922
2945 886.930471
2946 886.930020
2947 886.929568
2948 886.929117
2949 886.928666
2950 886.928215
2951 886.927764
2952 886.927312
2953 886.926861
2954 886.926410
2955 886.925959
2956 886.925507
2957 886.925056
2958 886.924605
2959 886.924154
2960 886.923702
2961 886.923251
2962 886.922800
2963 886.922349
2964 886.921897
2965 886.921446
2966 886.920995
2967 886.920543
2968 886.920092
2969 886.919641
2970 886.919190
2971 886.918738
2972 886.918287
2973 886.917836
2974 886.917384
2975 886.916933
2976 886.916482
2977 886.916030
2978 886.915579
2979 886.915128
2980 886.914676
2981 886.914225
2982 886.913773
2983 886.913322
2984 886.912871
2985 886.912419
2986 886.911968
2987 886.911516
2988 886.911065
2989 886.910614
2990 886.910162
2991 886.909711
2992 886.909259
2993 886.908808
2994 886.908357
2995 886.907905
2996 886.907454
2997 886.907002
2998 886.906551
2999 886.906099
3000 886.905648
3001 886.905196
3002 886.904745
3003 886.904293
3004 886.903842
3005 886.903390
3006 886.902939
3007 886.902487
3008 886.902036
3009 886.901584
3010 886.901133
3011 886.900681
3012 886.900230
3013 886.899778
3014 886.899327
3015 886.898875
3016 886.898424
3017 886.897972
3018 886.897521
3019 886.897069
3020 886.896617
3021 886.896166
3022 886.895714
3023 886.895263
3024 886.894811
3025 886.894360
3026 886.893908
3027 886.893456
3028 886.893005
3029 886.892553
3030 886.892102
3031 886.891650
3032 886.891198
3033 886.890747
3034 886.890295
3035 886.889843
3036 886.889392
3037 886.888940
3038 886.888488
3039 886.888037
3040 886.887585
3041 886.887133
3042 886.886682
3043 886.886230
3044 886.885778
3045 886.885327
3046 886.884875
3047 886.884423
3048 886.883971
3049 886.883520
3050 886.883068
3051 886.882616
3052 886.882165
3053 886.881713
3054 886.881261
3055 886.880809
3056 886.880358
3057 886.879906
3058 886.879454
3059 886.879002
3060 886.878550
3061 886.878099
3062 886.877647
3063 886.877195
3064 886.876743
3065 886.876291
3066 886.875840
3067 886.875388
3068 886.874936
3069 886.874484
3070 886.874032
3071 886.873581
3072 886.873129
3073 886.872677
3074 886.872225
3075 886.871773
3076 886.871321
3077 886.870869
3078 886.870418
3079 886.869966
3080 886.869514
3081 886.869062
3082 886.868610
3083 886.868158
3084 886.867706
3085 886.867254
3086 886.866802
3087 886.866350
3088 886.865899
3089 886.865447
3090 886.864995
3091 886.864543
3092 886.864091
3093 886.863639
3094 886.863187
3095 886.862735
3096 886.862283
3097 886.861831
3098 886.861379
3099 886.860927
3100 886.860475
3101 886.860023
3102 886.859571
3103 886.859119
3104 886.858667
3105 886.858215
3106 886.857763
3107 886.857311
3108 886.856859
3109 886.856407
3110 886.855955
3111 886.855503
3112 886.855051
3113 886.854599
3114 886.854147
3115 886.853695
3116 886.853242
3117 886.852790
3118 886.852338
3119 886.851886
3120 886.851434
3121 886.850982
3122 886.850530
3123 886.850078
3124 886.849626
3125 886.849174
3126 886.848721
3127 886.848269
3128 886.847817
3129 886.847365
3130 886.846913
3131 886.846461
3132 886.846009
3133 886.845556
3134 886.845104
3135 886.844652
3136 886.844200
3137 886.843748
3138 886.843295
3139 886.842843
3140 886.842391
3141 886.841939
3142 886.841487
3143 886.841034
3144 886.840582
3145 886.840130
3146 886.839678
3147 886.839225
3148 886.838773
3149 886.838321
3150 886.837869
3151 886.837416
3152 886.836964
3153 886.836512
3154 886.836060
3155 886.835607
3156 886.835155
3157 886.834703
3158 886.834250
3159 886.833798
3160 886.833346
3161 886.832894
3162 886.832441
3163 886.831989
3164 886.831537
3165 886.831084
3166 886.830632
3167 886.830180
3168 886.829727
3169 886.829275
3170 886.828822
3171 886.828370
3172 886.827918
3173 886.827465
3174 886.827013
3175 886.826561
3176 886.826108
3177 886.825656
3178 886.825203
3179 886.824751
3180 886.824298
3181 886.823846
3182 886.823394
3183 886.822941
3184 886.822489
3185 886.822036
3186 886.821584
3187 886.821131
3188 886.820679
3189 886.820226
3190 886.819774
3191 886.819322
3192 886.818869
3193 886.818417
3194 886.817964
3195 886.817512
3196 886.817059
3197 886.816607
3198 886.816154
3199 886.815702
3200 886.815249
3201 886.814796
3202 886.814344
3203 886.813891
3204 886.813439
3205 886.812986
3206 886.812534
3207 886.812081
3208 886.811629
3209 886.811176
3210 886.810723
3211 886.810271
3212 886.809818
3213 886.809366
3214 886.808913
3215 886.808460
3216 886.808008
3217 886.807555
3218 886.807103
3219 886.806650
3220 886.806197
3221 886.805745
3222 886.805292
3223 886.804839
3224 886.804387
3225 886.803934
3226 886.803481
3227 886.803029
3228 886.802576
3229 886.802123
3230 886.801671
3231 886.801218
3232 886.800765
3233 886.800313
3234 886.799860
3235 886.799407
3236 886.798954
3237 886.798502
3238 886.798049
3239 886.797596
3240 886.797143
3241 886.796691
3242 886.796238
3243 886.795785
3244 886.795332
3245 886.794880
3246 886.794427
3247 886.793974
3248 886.793521
3249 886.793068
3250 886.792616
3251 886.792163
3252 886.791710
3253 886.791257
3254 886.790804
3255 886.790352
3256 886.789899
3257 886.789446
3258 886.788993
3259 886.788540
3260 886.788087
3261 886.787635
3262 886.787182
3263 886.786729
3264 886.786276
3265 886.785823
3266 886.785370
3267 886.784917
3268 886.784464
3269 886.784011
3270 886.783559
3271 886.783106
3272 886.782653
3273 886.782200
3274 886.781747
3275 886.781294
3276 886.780841
3277 886.780388
3278 886.779935
3279 886.779482
3280 886.779029
3281 886.778576
3282 886.778123
3283 886.777670
3284 886.777217
3285 886.776764
3286 886.776311
3287 886.775858
3288 886.775405
3289 886.774952
3290 886.774499
3291 886.774046
3292 886.773593
3293 886.773140
3294 886.772687
3295 886.772234
3296 886.771781
3297 886.771328
3298 886.770875
3299 886.770422
3300 886.769969
3301 886.769516
3302 886.769063
3303 886.768609
3304 886.768156
3305 886.767703
3306 886.767250
3307 886.766797
3308 886.766344
3309 886.765891
3310 886.765438
3311 886.764985
3312 886.764531
3313 886.764078
3314 886.763625
3315 886.763172
3316 886.762719
3317 886.762266
3318 886.761812
3319 886.761359
3320 886.760906
3321 886.760453
3322 886.760000
3323 886.759546
3324 886.759093
3325 886.758640
3326 886.758187
3327 886.757734
3328 886.757280
3329 886.756827
3330 886.756374
3331 886.755921
3332 886.755467
3333 886.755014
3334 886.754561
3335 886.754108
3336 886.753654
3337 886.753201
3338 886.752748
3339 886.752294
3340 886.751841
3341 886.751388
3342 886.750935
3343 886.750481
3344 886.750028
3345 886.749575
3346 886.749121
3347 886.748668
3348 886.748215
3349 886.747761
3350 886.747308
3351 886.746855
3352 886.746401
3353 886.745948
3354 886.745494
3355 886.745041
3356 886.744588
3357 886.744134
3358 886.743681
3359 886.743227
3360 886.742774
3361 886.742321
3362 886.741867
3363 886.741414
3364 886.740960
3365 886.740507
3366 886.740053
3367 886.739600
3368 886.739147
3369 886.738693
3370 886.738240
3371 886.737786
3372 886.737333
3373 886.736879
3374 886.736426
3375 886.735972
3376 886.735519
3377 886.735065
3378 886.734612
3379 886.734158
3380 886.733705
3381 886.733251
3382 886.732798
3383 886.732344
3384 886.731891
3385 886.731437
3386 886.730983
3387 886.730530
3388 886.730076
3389 886.729623
3390 886.729169
3391 886.728716
3392 886.728262
3393 886.727808
3394 886.727355
3395 886.726901
3396 886.726448
3397 886.725994
3398 886.725540
3399 886.725087
3400 886.724633
3401 886.724179
3402 886.723726
3403 886.723272
3404 886.722818
3405 886.722365
3406 886.721911
3407 886.721457
3408 886.721004
3409 886.720550
3410 886.720096
3411 886.719643
3412 886.719189
3413 886.718735
3414 886.718282
3415 886.717828
3416 886.717374
3417 886.716920
3418 886.716467
3419 886.716013
3420 886.715559
3421 886.715105
3422 886.714652
3423 886.714198
3424 886.713744
3425 886.713290
3426 886.712837
3427 886.712383
3428 886.711929
3429 886.711475
3430 886.711021
3431 886.710568
3432 886.710114
3433 886.709660
3434 886.709206
3435 886.708752
3436 886.708298
3437 886.707845
3438 886.707391
3439 886.706937
3440 886.706483
3441 886.706029
3442 886.705575
3443 886.705121
3444 886.704668
3445 886.704214
3446 886.703760
3447 886.703306
3448 886.702852
3449 886.702398
3450 886.701944
3451 886.701490
3452 886.701036
3453 886.700582
3454 886.700128
3455 886.699674
3456 886.699220
3457 886.698767
3458 886.698313
3459 886.697859
3460 886.697405
3461 886.696951
3462 886.696497
3463 886.696043
3464 886.695589
3465 886.695135
3466 886.694681
3467 886.694227
3468 886.693773
3469 886.693319
3470 886.692865
3471 886.692410
3472 886.691956
3473 886.691502
3474 886.691048
3475 886.690594
3476 886.690140
3477 886.689686
3478 886.689232
3479 886.688778
3480 886.688324
3481 886.687870
3482 886.687416
3483 886.686962
3484 886.686507
3485 886.686053
3486 886.685599
3487 886.685145
3488 886.684691
3489 886.684237
3490 886.683783
3491 886.683329
3492 886.682874
3493 886.682420
3494 886.681966
3495 886.681512
3496 886.681058
3497 886.680603
3498 886.680149
3499 886.679695
3500 886.679241
3501 886.678787
3502 886.678332
3503 886.677878
3504 886.677424
3505 886.676970
3506 886.676516
3507 886.676061
3508 886.675607
3509 886.675153
3510 886.674698
3511 886.674244
3512 886.673790
3513 886.673336
3514 886.672881
3515 886.672427
3516 886.671973
3517 886.671518
3518 886.671064
3519 886.670610
3520 886.670156
3521 886.669701
3522 886.669247
3523 886.668793
3524 886.668338
3525 886.667884
3526 886.667429
3527 886.666975
3528 886.666521
3529 886.666066
3530 886.665612
3531 886.665158
3532 886.664703
3533 886.664249
3534 886.663794
3535 886.663340
3536 886.662886
3537 886.662431
3538 886.661977
3539 886.661522
3540 886.661068
3541 886.660613
3542 886.660159
3543 886.659705
3544 886.659250
3545 886.658796
3546 886.658341
3547 886.657887
3548 886.657432
3549 886.656978
3550 886.656523
3551 886.656069
3552 886.655614
3553 886.655160
3554 886.654705
3555 886.654251
3556 886.653796
3557 886.653342
3558 886.652887
3559 886.652433
3560 886.651978
3561 886.651523
3562 886.651069
3563 886.650614
3564 886.650160
3565 886.649705
3566 886.649251
3567 886.648796
3568 886.648341
3569 886.647887
3570 886.647432
3571 886.646977
3572 886.646523
3573 886.646068
3574 886.645614
3575 886.645159
3576 886.644704
3577 886.644250
3578 886.643795
3579 886.643340
3580 886.642886
3581 886.642431
3582 886.641976
3583 886.641522
3584 886.641067
3585 886.640612
3586 886.640158
3587 886.639703
3588 886.639248
3589 886.638793
3590 886.638339
3591 886.637884
3592 886.637429
3593 886.636974
3594 886.636520
3595 886.636065
3596 886.635610
3597 886.635155
3598 886.634701
3599 886.634246
3600 886.633791
3601 886.633336
3602 886.632881
3603 886.632427
3604 886.631972
3605 886.631517
3606 886.631062
3607 886.630607
3608 886.630153
3609 886.629698
3610 886.629243
3611 886.628788
3612 886.628333
3613 886.627878
3614 886.627423
3615 886.626969
3616 886.626514
3617 886.626059
3618 886.625604
3619 886.625149
3620 886.624694
3621 886.624239
3622 886.623784
3623 886.623329
3624 886.622874
3625 886.622419
3626 886.621964
3627 886.621510
3628 886.621055
3629 886.620600
3630 886.620145
3631 886.619690
3632 886.619235
3633 886.618780
3634 886.618325
3635 886.617870
3636 886.617415
3637 886.616960
3638 886.616505
3639 886.616050
3640 886.615595
3641 886.615140
3642 886.614685
3643 886.614230
3644 886.613775
3645 886.613319
3646 886.612864
3647 886.612409
3648 886.611954
3649 886.611499
3650 886.611044
3651 886.610589
3652 886.610134
3653 886.609679
3654 886.609224
3655 886.608769
3656 886.608314
3657 886.607858
3658 886.607403
3659 886.606948
3660 886.606493
3661 886.606038
3662 886.605583
3663 886.605128
3664 886.604672
3665 886.604217
3666 886.603762
3667 886.603307
3668 886.602852
3669 886.602396
3670 886.601941
3671 886.601486
3672 886.601031
3673 886.600576
3674 886.600120
3675 886.599665
3676 886.599210
3677 886.598755
3678 886.598299
3679 886.597844
3680 886.597389
3681 886.596934
3682 886.596478
3683 886.596023
3684 886.595568
3685 886.595112
3686 886.594657
3687 886.594202
3688 886.593747
3689 886.593291
3690 886.592836
3691 886.592381
3692 886.591925
3693 886.591470
3694 886.591015
3695 886.590559
3696 886.590104
3697 886.589649
3698 886.589193
3699 886.588738
3700 886.588282
3701 886.587827
3702 886.587372
3703 886.586916
3704 886.586461
3705 886.586005
3706 886.585550
3707 886.585095
3708 886.584639
3709 886.584184
3710 886.583728
3711 886.583273
3712 886.582817
3713 886.582362
3714 886.581906
3715 886.581451
3716 886.580995
3717 886.580540
3718 886.580085
3719 886.579629
3720 886.579174
3721 886.578718
3722 886.578262
3723 886.577807
3724 886.577351
3725 886.576896
3726 886.576440
3727 886.575985
3728 886.575529
3729 886.575074
3730 886.574618
3731 886.574163
3732 886.573707
3733 886.573251
3734 886.572796
3735 886.572340
3736 886.571885
3737 886.571429
3738 886.570973
3739 886.570518
3740 886.570062
3741 886.569607
3742 886.569151
3743 886.568695
3744 886.568240
3745 886.567784
3746 886.567328
3747 886.566873
3748 886.566417
3749 886.565961
3750 886.565506
3751 886.565050
3752 886.564594
3753 886.564139
3754 886.563683
3755 886.563227
3756 886.562771
3757 886.562316
3758 886.561860
3759 886.561404
3760 886.560949
3761 886.560493
3762 886.560037
3763 886.559581
3764 886.559125
3765 886.558670
3766 886.558214
3767 886.557758
3768 886.557302
3769 886.556847
3770 886.556391
3771 886.555935
3772 886.555479
3773 886.555023
3774 886.554567
3775 886.554112
3776 886.553656
3777 886.553200
3778 886.552744
3779 886.552288
3780 886.551832
3781 886.551377
3782 886.550921
3783 886.550465
3784 886.550009
3785 886.549553
3786 886.549097
3787 886.548641
3788 886.548185
3789 886.547729
3790 886.547273
3791 886.546817
3792 886.546362
3793 886.545906
3794 886.545450
3795 886.544994
3796 886.544538
3797 886.544082
3798 886.543626
3799 886.543170
3800 886.542714
3801 886.542258
3802 886.541802
3803 886.541346
3804 886.540890
3805 886.540434
3806 886.539978
3807 886.539522
3808 886.539066
3809 886.538610
3810 886.538154
3811 886.537698
3812 886.537242
3813 886.536785
3814 886.536329
3815 886.535873
3816 886.535417
3817 886.534961
3818 886.534505
3819 886.534049
3820 886.533593
3821 886.533137
3822 886.532681
3823 886.532224
3824 886.531768
3825 886.531312
3826 886.530856
3827 886.530400
3828 886.529944
3829 886.529488
3830 886.529031
3831 886.528575
3832 886.528119
3833 886.527663
3834 886.527207
3835 886.526750
3836 886.526294
3837 886.525838
3838 886.525382
3839 886.524926
3840 886.524469
3841 886.524013
3842 886.523557
3843 886.523101
3844 886.522644
3845 886.522188
3846 886.521732
3847 886.521276
3848 886.520819
3849 886.520363
3850 886.519907
3851 886.519450
3852 886.518994
3853 886.518538
3854 886.518081
3855 886.517625
3856 886.517169
3857 886.516712
3858 886.516256
3859 886.515800
3860 886.515343
3861 886.514887
3862 886.514431
3863 886.513974
3864 886.513518
3865 886.513062
3866 886.512605
3867 886.512149
3868 886.511692
3869 886.511236
3870 886.510780
3871 886.510323
3872 886.509867
3873 886.509410
3874 886.508954
3875 886.508497
3876 886.508041
3877 886.507584
3878 886.507128
3879 886.506672
3880 886.506215
3881 886.505759
3882 886.505302
3883 886.504846
3884 886.504389
3885 886.503933
3886 886.503476
3887 886.503020
3888 886.502563
3889 886.502106
3890 886.501650
3891 886.501193
3892 886.500737
3893 886.500280
3894 886.499824
3895 886.499367
3896 886.498911
3897 886.498454
3898 886.497997
3899 886.497541
3900 886.497084
3901 886.496628
3902 886.496171
3903 886.495714
3904 886.495258
3905 886.494801
3906 886.494344
3907 886.493888
3908 886.493431
3909 886.492974
3910 886.492518
3911 886.492061
3912 886.491604
3913 886.491148
3914 886.490691
3915 886.490234
3916 886.489778
3917 886.489321
3918 886.488864
3919 886.488408
3920 886.487951
3921 886.487494
3922 886.487037
3923 886.486581
3924 886.486124
3925 886.485667
3926 886.485210
3927 886.484754
3928 886.484297
3929 886.483840
3930 886.483383
3931 886.482926
3932 886.482470
3933 886.482013
3934 886.481556
3935 886.481099
3936 886.480642
3937 886.480185
3938 886.479729
3939 886.479272
3940 886.478815
3941 886.478358
3942 886.477901
3943 886.477444
3944 886.476987
3945 886.476531
3946 886.476074
3947 886.475617
3948 886.475160
3949 886.474703
3950 886.474246
3951 886.473789
3952 886.473332
3953 886.472875
3954 886.472418
3955 886.471961
3956 886.471504
3957 886.471047
3958 886.470591
3959 886.470134
3960 886.469677
3961 886.469220
3962 886.468763
3963 886.468306
3964 886.467849
3965 886.467392
3966 886.466935
3967 886.466478
3968 886.466021
3969 886.465563
3970 886.465106
3971 886.464649
3972 886.464192
3973 886.463735
3974 886.463278
3975 886.462821
3976 886.462364
3977 886.461907
3978 886.461450
3979 886.460993
3980 886.460536
3981 886.460079
3982 886.459621
3983 886.459164
3984 886.458707
3985 886.458250
3986 886.457793
3987 886.457336
3988 886.456879
3989 886.456421
3990 886.455964
3991 886.455507
3992 886.455050
3993 886.454593
3994 886.454136
3995 886.453678
3996 886.453221
3997 886.452764
3998 886.452307
3999 886.451849
4000 886.451392
4001 886.450935
4002 886.450478
4003 886.450021
4004 886.449563
4005 886.449106
4006 886.448649
4007 886.448191
4008 886.447734
4009 886.447277
4010 886.446820
4011 886.446362
4012 886.445905
4013 886.445448
4014 886.444990
4015 886.444533
4016 886.444076
4017 886.443618
4018 886.443161
4019 886.442704
4020 886.442246
4021 886.441789
4022 886.441332
4023 886.440874
4024 886.440417
4025 886.439959
4026 886.439502
4027 886.439045
4028 886.438587
4029 886.438130
4030 886.437672
4031 886.437215
4032 886.436758
4033 886.436300
4034 886.435843
4035 886.435385
4036 886.434928
4037 886.434470
4038 886.434013
4039 886.433555
4040 886.433098
4041 886.432640
4042 886.432183
4043 886.431725
4044 886.431268
4045 886.430810
4046 886.430353
4047 886.429895
4048 886.429438
4049 886.428980
4050 886.428523
4051 886.428065
4052 886.427608
4053 886.427150
4054 886.426692
4055 886.426235
4056 886.425777
4057 886.425320
4058 886.424862
4059 886.424404
4060 886.423947
4061 886.423489
4062 886.423032
4063 886.422574
4064 886.422116
4065 886.421659
4066 886.421201
4067 886.420743
4068 886.420286
4069 886.419828
4070 886.419370
4071 886.418913
4072 886.418455
4073 886.417997
4074 886.417540
4075 886.417082
4076 886.416624
4077 886.416166
4078 886.415709
4079 886.415251
4080 886.414793
4081 886.414335
4082 886.413878
4083 886.413420
4084 886.412962
4085 886.412504
4086 886.412047
4087 886.411589
4088 886.411131
4089 886.410673
4090 886.410215
4091 886.409758
4092 886.409300
4093 886.408842
4094 886.408384
4095 886.407926
4096 886.407468
4097 886.407011
4098 886.406553
4099 886.406095
4100 886.405637
4101 886.405179
4102 886.404721
4103 886.404263
4104 886.403805
4105 886.403348
4106 886.402890
4107 886.402432
4108 886.401974
4109 886.401516
4110 886.401058
4111 886.400600
4112 886.400142
4113 886.399684
4114 886.399226
4115 886.398768
4116 886.398310
4117 886.397852
4118 886.397394
4119 886.396936
4120 886.396478
4121 886.396020
4122 886.395562
4123 886.395104
4124 886.394646
4125 886.394188
4126 886.393730
4127 886.393272
4128 886.392814
4129 886.392356
4130 886.391898
4131 886.391440
4132 886.390982
4133 886.390524
4134 886.390066
4135 886.389607
4136 886.389149
4137 886.388691
4138 886.388233
4139 886.387775
4140 886.387317
4141 886.386859
4142 886.386401
4143 886.385942
4144 886.385484
4145 886.385026
4146 886.384568
4147 886.384110
4148 886.383652
4149 886.383193
4150 886.382735
4151 886.382277
4152 886.381819
4153 886.381361
4154 886.380902
4155 886.380444
4156 886.379986
4157 886.379528
4158 886.379069
4159 886.378611
4160 886.378153
4161 886.377695
4162 886.377236
4163 886.376778
4164 886.376320
4165 886.375862
4166 886.375403
4167 886.374945
4168 886.374487
4169 886.374028
4170 886.373570
4171 886.373112
4172 886.372653
4173 886.372195
4174 886.371737
4175 886.371278
4176 886.370820
4177 886.370361
4178 886.369903
4179 886.369445
4180 886.368986
4181 886.368528
4182 886.368070
4183 886.367611
4184 886.367153
4185 886.366694
4186 886.366236
4187 886.365777
4188 886.365319
4189 886.364861
4190 886.364402
4191 886.363944
4192 886.363485
4193 886.363027
4194 886.362568
4195 886.362110
4196 886.361651
4197 886.361193
4198 886.360734
4199 886.360276
4200 886.359817
4201 886.359359
4202 886.358900
4203 886.358442
4204 886.357983
4205 886.357524
4206 886.357066
4207 886.356607
4208 886.356149
4209 886.355690
4210 886.355232
4211 886.354773
4212 886.354314
4213 886.353856
4214 886.353397
4215 886.352939
4216 886.352480
4217 886.352021
4218 886.351563
4219 886.351104
4220 886.350645
4221 886.350187
4222 886.349728
4223 886.349269
4224 886.348811
4225 886.348352
4226 886.347893
4227 886.347435
4228 886.346976
4229 886.346517
4230 886.346058
4231 886.345600
4232 886.345141
4233 886.344682
4234 886.344224
4235 886.343765
4236 886.343306
4237 886.342847
4238 886.342388
4239 886.341930
4240 886.341471
4241 886.341012
4242 886.340553
4243 886.340095
4244 886.339636
4245 886.339177
4246 886.338718
4247 886.338259
4248 886.337800
4249 886.337342
4250 886.336883
4251 886.336424
4252 886.335965
4253 886.335506
4254 886.335047
4255 886.334588
4256 886.334129
4257 886.333671
4258 886.333212
4259 886.332753
4260 886.332294
4261 886.331835
4262 886.331376
4263 886.330917
4264 886.330458
4265 886.329999
4266 886.329540
4267 886.329081
4268 886.328622
4269 886.328163
4270 886.327704
4271 886.327245
4272 886.326786
4273 886.326327
4274 886.325868
4275 886.325409
4276 886.324950
4277 886.324491
4278 886.324032
4279 886.323573
4280 886.323114
4281 886.322655
4282 886.322196
4283 886.321737
4284 886.321278
4285 886.320819
4286 886.320360
4287 886.319901
4288 886.319441
4289 886.318982
4290 886.318523
4291 886.318064
4292 886.317605
4293 886.317146
4294 886.316687
4295 886.316227
4296 886.315768
4297 886.315309
4298 886.314850
4299 886.314391
4300 886.313932
4301 886.313472
4302 886.313013
4303 886.312554
4304 886.312095
4305 886.311636
4306 886.311176
4307 886.310717
4308 886.310258
4309 886.309799
4310 886.309339
4311 886.308880
4312 886.308421
4313 886.307962
4314 886.307502
4315 886.307043
4316 886.306584
4317 886.306124
4318 886.305665
4319 886.305206
4320 886.304747
4321 886.304287
4322 886.303828
4323 886.303369
4324 886.302909
4325 886.302450
4326 886.301991
4327 886.301531
4328 886.301072
4329 886.300612
4330 886.300153
4331 886.299694
4332 886.299234
4333 886.298775
4334 886.298315
4335 886.297856
4336 886.297397
4337 886.296937
4338 886.296478
4339 886.296018
4340 886.295559
4341 886.295099
4342 886.294640
4343 886.294180
4344 886.293721
4345 886.293261
4346 886.292802
4347 886.292342
4348 886.291883
4349 886.291423
4350 886.290964
4351 886.290504
4352 886.290045
4353 886.289585
4354 886.289126
4355 886.288666
4356 886.288207
4357 886.287747
4358 886.287287
4359 886.286828
4360 886.286368
4361 886.285909
4362 886.285449
4363 886.284990
4364 886.284530
4365 886.284070
4366 886.283611
4367 886.283151
4368 886.282691
4369 886.282232
4370 886.281772
4371 886.281312
4372 886.280853
4373 886.280393
4374 886.279933
4375 886.279474
4376 886.279014
4377 886.278554
4378 886.278095
4379 886.277635
4380 886.277175
4381 886.276715
4382 886.276256
4383 886.275796
4384 886.275336
4385 886.274876
4386 886.274417
4387 886.273957
4388 886.273497
4389 886.273037
4390 886.272578
4391 886.272118
4392 886.271658
4393 886.271198
4394 886.270738
4395 886.270278
4396 886.269819
4397 886.269359
4398 886.268899
4399 886.268439
4400 886.267979
4401 886.267519
4402 886.267060
4403 886.266600
4404 886.266140
4405 886.265680
4406 886.265220
4407 886.264760
4408 886.264300
4409 886.263840
4410 886.263380
4411 886.262920
4412 886.262460
4413 886.262000
4414 886.261541
4415 886.261081
4416 886.260621
4417 886.260161
4418 886.259701
4419 886.259241
4420 886.258781
4421 886.258321
4422 886.257861
4423 886.257401
4424 886.256941
4425 886.256481
4426 886.256021
4427 886.255561
4428 886.255100
4429 886.254640
4430 886.254180
4431 886.253720
4432 886.253260
4433 886.252800
4434 886.252340
4435 886.251880
4436 886.251420
4437 886.250960
4438 886.250500
4439 886.250039
4440 886.249579
4441 886.249119
4442 886.248659
4443 886.248199
4444 886.247739
4445 886.247279
4446 886.246818
4447 886.246358
4448 886.245898
4449 886.245438
4450 886.244978
4451 886.244517
4452 886.244057
4453 886.243597
4454 886.243137
4455 886.242677
4456 886.242216
4457 886.241756
4458 886.241296
4459 886.240836
4460 886.240375
4461 886.239915
4462 886.239455
4463 886.238994
4464 886.238534
4465 886.238074
4466 886.237613
4467 886.237153
4468 886.236693
4469 886.236233
4470 886.235772
4471 886.235312
4472 886.234851
4473 886.234391
4474 886.233931
4475 886.233470
4476 886.233010
4477 886.232550
4478 886.232089
4479 886.231629
4480 886.231168
4481 886.230708
4482 886.230248
4483 886.229787
4484 886.229327
4485 886.228866
4486 886.228406
4487 886.227945
4488 886.227485
4489 886.227024
4490 886.226564
4491 886.226104
4492 886.225643
4493 886.225183
4494 886.224722
4495 886.224262
4496 886.223801
4497 886.223340
4498 886.222880
4499 886.222419
4500 886.221959
4501 886.221498
4502 886.221038
4503 886.220577
4504 886.220117
4505 886.219656
4506 886.219195
4507 886.218735
4508 886.218274
4509 886.217814
4510 886.217353
4511 886.216892
4512 886.216432
4513 886.215971
4514 886.215510
4515 886.215050
4516 886.214589
4517 886.214129
4518 886.213668
4519 886.213207
4520 886.212747
4521 886.212286
4522 886.211825
4523 886.211364
4524 886.210904
4525 886.210443
4526 886.209982
4527 886.209522
4528 886.209061
4529 886.208600
4530 886.208139
4531 886.207679
4532 886.207218
4533 886.206757
4534 886.206296
4535 886.205835
4536 886.205375
4537 886.204914
4538 886.204453
4539 886.203992
4540 886.203531
4541 886.203071
4542 886.202610
4543 886.202149
4544 886.201688
4545 886.201227
4546 886.200766
4547 886.200305
4548 886.199845
4549 886.199384
4550 886.198923
4551 886.198462
4552 886.198001
4553 886.197540
4554 886.197079
4555 886.196618
4556 886.196157
4557 886.195696
4558 886.195235
4559 886.194774
4560 886.194313
4561 886.193852
4562 886.193392
4563 886.192931
4564 886.192470
4565 886.192009
4566 886.191548
4567 886.191087
4568 886.190626
4569 886.190164
4570 886.189703
4571 886.189242
4572 886.188781
4573 886.188320
4574 886.187859
4575 886.187398
4576 886.186937
4577 886.186476
4578 886.186015
4579 886.185554
4580 886.185093
4581 886.184632
4582 886.184171
4583 886.183709
4584 886.183248
4585 886.182787
4586 886.182326
4587 886.181865
4588 886.181404
4589 886.180943
4590 886.180481
4591 886.180020
4592 886.179559
4593 886.179098
4594 886.178637
4595 886.178175
4596 886.177714
4597 886.177253
4598 886.176792
4599 886.176330
4600 886.175869
4601 886.175408
4602 886.174947
4603 886.174485
4604 886.174024
4605 886.173563
4606 886.173102
4607 886.172640
4608 886.172179
4609 886.171718
4610 886.171256
4611 886.170795
4612 886.170334
4613 886.169872
4614 886.169411
4615 886.168950
4616 886.168488
4617 886.168027
4618 886.167566
4619 886.167104
4620 886.166643
4621 886.166182
4622 886.165720
4623 886.165259
4624 886.164797
4625 886.164336
4626 886.163874
4627 886.163413
4628 886.162952
4629 886.162490
4630 886.162029
4631 886.161567
4632 886.161106
4633 886.160644
4634 886.160183
4635 886.159721
4636 886.159260
4637 886.158798
4638 886.158337
4639 886.157875
4640 886.157414
4641 886.156952
4642 886.156491
4643 886.156029
4644 886.155568
4645 886.155106
4646 886.154644
4647 886.154183
4648 886.153721
4649 886.153260
4650 886.152798
4651 886.152337
4652 886.151875
4653 886.151413
4654 886.150952
4655 886.150490
4656 886.150028
4657 886.149567
4658 886.149105
4659 886.148643
4660 886.148182
4661 886.147720
4662 886.147258
4663 886.146797
4664 886.146335
4665 886.145873
4666 886.145412
4667 886.144950
4668 886.144488
4669 886.144026
4670 886.143565
4671 886.143103
4672 886.142641
4673 886.142179
4674 886.141718
4675 886.141256
4676 886.140794
4677 886.140332
4678 886.139871
4679 886.139409
4680 886.138947
4681 886.138485
4682 886.138023
4683 886.137561
4684 886.137100
4685 886.136638
4686 886.136176
4687 886.135714
4688 886.135252
4689 886.134790
4690 886.134328
4691 886.133867
4692 886.133405
4693 886.132943
4694 886.132481
4695 886.132019
4696 886.131557
4697 886.131095
4698 886.130633
4699 886.130171
4700 886.129709
4701 886.129247
4702 886.128785
4703 886.128323
4704 886.127861
4705 886.127399
4706 886.126937
4707 886.126475
4708 886.126013
4709 886.125551
4710 886.125089
4711 886.124627
4712 886.124165
4713 886.123703
4714 886.123241
4715 886.122779
4716 886.122317
4717 886.121855
4718 886.121393
4719 886.120931
4720 886.120469
4721 886.120007
4722 886.119544
4723 886.119082
4724 886.118620
4725 886.118158
4726 886.117696
4727 886.117234
4728 886.116772
4729 886.116310
4730 886.115847
4731 886.115385
4732 886.114923
4733 886.114461
4734 886.113999
4735 886.113536
4736 886.113074
4737 886.112612
4738 886.112150
4739 886.111688
4740 886.111225
4741 886.110763
4742 886.110301
4743 886.109839
4744 886.109376
4745 886.108914
4746 886.108452
4747 886.107989
4748 886.107527
4749 886.107065
4750 886.106603
4751 886.106140
4752 886.105678
4753 886.105216
4754 886.104753
4755 886.104291
4756 886.103828
4757 886.103366
4758 886.102904
4759 886.102441
4760 886.101979
4761 886.101517
4762 886.101054
4763 886.100592
4764 886.100129
4765 886.099667
4766 886.099205
4767 886.098742
4768 886.098280
4769 886.097817
4770 886.097355
4771 886.096892
4772 886.096430
4773 886.095967
4774 886.095505
4775 886.095042
4776 886.094580
4777 886.094117
4778 886.093655
4779 886.093192
4780 886.092730
4781 886.092267
4782 886.091805
4783 886.091342
4784 886.090880
4785 886.090417
4786 886.089954
4787 886.089492
4788 886.089029
4789 886.088567
4790 886.088104
4791 886.087642
4792 886.087179
4793 886.086716
4794 886.086254
4795 886.085791
4796 886.085328
4797 886.084866
4798 886.084403
4799 886.083940
4800 886.083478
4801 886.083015
4802 886.082552
4803 886.082090
4804 886.081627
4805 886.081164
4806 886.080702
4807 886.080239
4808 886.079776
4809 886.079313
4810 886.078851
4811 886.078388
4812 886.077925
4813 886.077462
4814 886.077000
4815 886.076537
4816 886.076074
4817 886.075611
4818 886.075148
4819 886.074686
4820 886.074223
4821 886.073760
4822 886.073297
4823 886.072834
4824 886.072371
4825 886.071909
4826 886.071446
4827 886.070983
4828 886.070520
4829 886.070057
4830 886.069594
4831 886.069131
4832 886.068668
4833 886.068205
4834 886.067742
4835 886.067280
4836 886.066817
4837 886.066354
4838 886.065891
4839 886.065428
4840 886.064965
4841 886.064502
4842 886.064039
4843 886.063576
4844 886.063113
4845 886.062650
4846 886.062187
4847 886.061724
4848 886.061261
4849 886.060798
4850 886.060335
4851 886.059872
4852 886.059409
4853 886.058946
4854 886.058483
4855 886.058019
4856 886.057556
4857 886.057093
4858 886.056630
4859 886.056167
4860 886.055704
4861 886.055241
4862 886.054778
4863 886.054315
4864 886.053851
4865 886.053388
4866 886.052925
4867 886.052462
4868 886.051999
4869 886.051536
4870 886.051072
4871 886.050609
4872 886.050146
4873 886.049683
4874 886.049220
4875 886.048756
4876 886.048293
4877 886.047830
4878 886.047367
4879 886.046903
4880 886.046440
4881 886.045977
4882 886.045514
4883 886.045050
4884 886.044587
4885 886.044124
4886 886.043660
4887 886.043197
4888 886.042734
4889 886.042271
4890 886.041807
4891 886.041344
4892 886.040881
4893 886.040417
4894 886.039954
4895 886.039490
4896 886.039027
4897 886.038564
4898 886.038100
4899 886.037637
4900 886.037173
4901 886.036710
4902 886.036247
4903 886.035783
4904 886.035320
4905 886.034856
4906 886.034393
4907 886.033929
4908 886.033466
4909 886.033002
4910 886.032539
4911 886.032076
4912 886.031612
4913 886.031149
4914 886.030685
4915 886.030221
4916 886.029758
4917 886.029294
4918 886.028831
4919 886.028367
4920 886.027904
4921 886.027440
4922 886.026977
4923 886.026513
4924 886.026049
4925 886.025586
4926 886.025122
4927 886.024659
4928 886.024195
4929 886.023731
4930 886.023268
4931 886.022804
4932 886.022341
4933 886.021877
4934 886.021413
4935 886.020950
4936 886.020486
4937 886.020022
4938 886.019559
4939 886.019095
4940 886.018631
4941 886.018167
4942 886.017704
4943 886.017240
4944 886.016776
4945 886.016312
4946 886.015849
4947 886.015385
4948 886.014921
4949 886.014457
4950 886.013994
4951 886.013530
4952 886.013066
4953 886.012602
4954 886.012139
4955 886.011675
4956 886.011211
4957 886.010747
4958 886.010283
4959 886.009819
4960 886.009355
4961 886.008892
4962 886.008428
4963 886.007964
4964 886.007500
4965 886.007036
4966 886.006572
4967 886.006108
4968 886.005644
4969 886.005180
4970 886.004717
4971 886.004253
4972 886.003789
4973 886.003325
4974 886.002861
4975 886.002397
4976 886.001933
4977 886.001469
4978 886.001005
4979 886.000541
4980 886.000077
4981 885.999613
4982 885.999149
4983 885.998685
4984 885.998221
4985 885.997757
4986 885.997293
4987 885.996829
4988 885.996365
4989 885.995901
4990 885.995436
4991 885.994972
4992 885.994508
4993 885.994044
4994 885.993580
4995 885.993116
4996 885.992652
4997 885.992188
4998 885.991724
4999 885.991259
5000 885.990795
