1 888.241154
2 888.169235
3 887.680842
4 887.805204
5 887.950929
6 887.793452
7 887.671472
8 887.146475
9 887.085404
10 886.869020
11 882.900627
12 882.122348
13 881.566677
14 881.586467
15 881.608493
16 881.821288
17 881.915415
18 881.232162
19 881.147639
20 880.806487
21 880.957457
22 875.013706
23 875.014158
24 875.077336
25 874.554493
26 874.573871
27 874.244201
28 874.194595
29 873.351487
30 870.737167
31 870.472123
32 870.532406
33 870.564461
34 867.949863
35 866.827670
36 866.573897
37 865.810156
38 864.972029
39 864.655085
40 852.355120
41 836.863713
42 836.649790
43 836.254871
44 830.031943
45 828.913639
46 828.699567
47 825.689238
48 825.114006
49 818.217351
50 812.672586
51 811.451842
52 810.386015
53 809.385832
54 809.188210
55 796.867833
56 795.965656
57 794.800944
58 794.085429
59 793.280425
60 792.153845
61 791.916423
62 791.622189
63 784.348190
64 783.325276
65 770.604258
66 763.390195
67 755.686121
68 754.714172
69 753.711651
70 751.231099
71 749.466608
72 748.440047
73 748.135509
74 744.834447
75 745.086154
76 744.854360
77 736.212491
78 732.708262
79 732.447217
80 730.559523
81 729.241088
82 728.435822
83 726.864419
84 726.363760
85 725.998683
86 725.836319
87 702.887696
88 702.773192
89 701.938485
90 701.299415
91 701.234185
92 698.886301
93 684.240569
94 681.011618
95 680.616399
96 680.260782
97 679.447003
98 678.862522
99 678.618614
100 676.522233
101 674.558604
102 674.197675
103 673.981286
104 668.670843
105 667.592994
106 664.713995
107 650.078884
108 650.052632
109 626.742638
110 626.453872
111 625.053799
112 624.924886
113 624.537898
114 619.932483
115 619.425659
116 618.891033
117 618.599647
118 618.074468
119 617.521764
120 616.793243
121 615.941836
122 615.362261
123 614.738159
124 613.789537
125 613.124636
126 612.832470
127 612.435117
128 611.684190
129 611.593664
130 603.337967
131 600.141302
132 599.657596
133 599.410964
134 599.196151
135 598.714468
136 597.573231
137 597.273979
138 595.001144
139 594.722937
140 594.712197
141 594.576282
142 594.299247
143 594.017641
144 591.490239
145 587.304013
146 585.775353
147 583.468089
148 583.162215
149 582.993116
150 582.809606
151 582.810224
152 582.660852
153 582.151779
154 581.235796
155 580.722322
156 579.740637
157 579.222146
158 578.224005
159 578.225948
160 573.577256
161 571.517249
162 571.272442
163 570.748752
164 566.338238
165 565.175484
166 564.654527
167 564.634358
168 564.582277
169 556.771988
170 554.636040
171 554.545738
172 554.652587
173 554.224297
174 553.907167
175 553.494514
176 553.072845
177 552.784698
178 552.659703
179 552.946148
180 551.738937
181 551.268488
182 550.559359
183 550.029901
184 549.391889
185 548.147115
186 548.005412
187 547.818462
188 547.601805
189 547.530992
190 546.347338
191 545.218101
192 545.164264
193 542.585901
194 522.955174
195 522.826006
196 522.017456
197 521.905192
198 521.301675
199 520.879457
200 520.741601
201 519.644582
202 519.295090
203 518.280804
204 510.228095
205 510.218547
206 509.609018
207 509.245569
208 508.659628
209 502.812783
210 498.771866
211 498.732717
212 498.103800
213 498.072911
214 497.955662
215 497.526093
216 497.198840
217 496.427637
218 496.129139
219 496.000289
220 495.928003
221 495.503025
222 495.390528
223 488.933251
224 488.803680
225 488.772639
226 478.361358
227 477.311068
228 477.229945
229 475.001752
230 451.612574
231 451.474413
232 451.075348
233 450.761723
234 441.764041
235 441.660963
236 441.308010
237 440.225586
238 419.216456
239 418.272577
240 417.882955
241 417.231873
242 416.219877
243 416.092050
244 413.384312
245 411.444775
246 411.417866
247 411.303749
248 410.813598
249 410.424119
250 409.970268
251 409.133922
252 409.033327
253 408.823894
254 408.100904
255 400.613003
256 400.498308
257 399.933009
258 399.909458
259 399.766815
260 399.734795
261 399.325665
262 399.226881
263 399.036376
264 394.755421
265 394.733972
266 394.727090
267 394.650263
268 394.337258
269 386.935599
270 386.076934
271 385.666732
272 377.753325
273 377.720507
274 377.636319
275 370.855592
276 370.685070
277 370.212029
278 369.176954
279 368.009408
280 367.833489
281 364.930310
282 364.900353
283 364.560125
284 363.642701
285 363.561718
286 362.658332
287 362.079625
288 358.443444
289 358.398897
290 357.433782
291 357.343195
292 353.936975
293 353.931702
294 338.858170
295 337.703255
296 336.738862
297 336.551206
298 336.437279
299 322.881162
300 322.551256
301 322.532585
302 322.481292
303 319.869599
304 315.039033
305 314.940300
306 314.868941
307 313.535376
308 312.498605
309 311.679154
310 311.483816
311 311.365895
312 310.922461
313 310.564858
314 310.370073
315 308.757870
316 307.637960
317 307.270128
318 307.256280
319 307.083219
320 306.962745
321 306.896234
322 306.414038
323 304.611689
324 304.547682
325 304.490037
326 303.170566
327 303.096010
328 303.014343
329 301.701505
330 301.123142
331 301.071160
332 299.769354
333 299.659884
334 299.390692
335 299.118744
336 299.079267
337 298.656769
338 298.125664
339 289.988521
340 289.811960
341 288.761355
342 288.425163
343 287.152189
344 286.253840
345 283.930933
346 275.840145
347 275.458552
348 268.724742
349 267.732238
350 266.185544
351 266.166183
352 266.147068
353 265.379355
354 265.357906
355 265.337271
356 264.378449
357 264.278103
358 264.180888
359 264.188724
360 264.148875
361 263.867930
362 258.031417
363 256.381575
364 256.333963
365 255.781030
366 255.439755
367 255.235183
368 255.154492
369 254.569181
370 252.974647
371 247.527011
372 247.145316
373 247.148017
374 247.155371
375 246.996108
376 246.984668
377 246.946030
378 245.283217
379 244.920403
380 244.851732
381 244.028370
382 244.020034
383 243.680313
384 242.780307
385 242.615993
386 242.536277
387 242.391558
388 242.356990
389 242.245693
390 241.918538
391 241.437359
392 239.962971
393 239.215139
394 238.593083
395 238.572646
396 238.548782
397 238.453998
398 238.390250
399 235.727721
400 235.284244
401 232.292493
402 232.272618
403 232.202324
404 232.116968
405 232.083314
406 231.867179
407 231.501627
408 231.513670
409 231.406451
410 230.786857
411 230.000038
412 229.971029
413 229.782462
414 229.699636
415 229.695752
416 229.626166
417 229.447944
418 224.759858
419 224.357648
420 224.301321
421 224.029840
422 223.985023
423 222.441818
424 222.267855
425 221.485560
426 221.452346
427 221.461706
428 221.212371
429 220.120448
430 215.792403
431 215.780474
432 215.501765
433 215.430287
434 214.997477
435 214.418276
436 213.657113
437 213.554828
438 211.600019
439 211.618156
440 211.619386
441 211.507395
442 210.754147
443 208.695563
444 206.983344
445 205.173997
446 205.138154
447 204.155799
448 204.151698
449 198.431512
450 197.540785
451 194.509254
452 191.369989
453 191.245721
454 190.981916
455 191.002836
456 190.580127
457 190.685603
458 190.704327
459 190.283920
460 189.325071
461 189.340287
462 188.581361
463 188.563368
464 187.854207
465 187.419601
466 187.420284
467 187.218774
468 187.207247
469 187.241429
470 187.243613
471 182.781310
472 182.408776
473 182.181370
474 182.147044
475 181.868058
476 181.664669
477 181.331943
478 180.868050
479 180.570770
480 180.698173
481 180.689905
482 180.538236
483 180.535462
484 180.355591
485 180.355598
486 180.450278
487 180.468636
488 179.606951
489 179.597266
490 178.765196
491 178.750032
492 178.660992
493 176.276916
494 176.195559
495 176.264767
496 175.034156
497 174.795570
498 174.791989
499 173.941577
500 173.961315
501 174.014291
502 173.959835
503 173.712867
504 173.481387
505 173.501777
506 173.540095
507 173.264971
508 173.307074
509 171.999589
510 171.956032
511 171.921475
512 168.122836
513 166.834939
514 166.884020
515 166.551732
516 166.462171
517 166.463528
518 166.380123
519 165.561969
520 165.557941
521 165.723687
522 165.717384
523 165.748406
524 165.714240
525 164.894595
526 164.368179
527 164.149183
528 160.421074
529 160.498621
530 160.377132
531 160.401822
532 160.396141
533 160.096597
534 160.024571
535 159.238728
536 159.215525
537 158.452016
538 157.097989
539 157.108691
540 156.830898
541 156.871382
542 156.855786
543 156.670174
544 156.537646
545 156.339114
546 156.427215
547 156.428596
548 156.167925
549 156.160481
550 154.947305
551 154.938776
552 153.081131
553 152.578406
554 152.563348
555 152.065965
556 150.206420
557 148.211853
558 147.985967
559 147.051250
560 147.078323
561 145.002822
562 144.959602
563 145.134844
564 144.529090
565 144.503805
566 144.533911
567 144.137841
568 143.669810
569 143.658241
570 143.450639
571 143.341671
572 143.070724
573 143.076412
574 143.071713
575 142.571033
576 141.396291
577 141.401626
578 141.421128
579 141.044623
580 139.216407
581 139.232040
582 139.160163
583 139.140171
584 136.223249
585 135.734276
586 135.251832
587 135.262725
588 135.112336
589 135.115479
590 135.003383
591 131.890484
592 131.773266
593 131.752188
594 131.608861
595 131.815659
596 131.759782
597 131.837961
598 131.834847
599 131.643584
600 131.646891
601 131.195111
602 130.354081
603 128.648762
604 128.642392
605 126.038970
606 125.637167
607 125.598152
608 125.330860
609 124.949173
610 124.676258
611 124.664511
612 121.214884
613 120.597059
614 118.946893
615 118.864702
616 118.411502
617 115.134935
618 115.204120
619 115.204324
620 115.193170
621 115.341394
622 115.373903
623 115.234061
624 115.105625
625 115.139786
626 114.595771
627 114.564738
628 114.548065
629 114.617538
630 114.647746
631 114.652799
632 112.585420
633 112.652793
634 112.599453
635 110.817844
636 110.731766
637 110.641116
638 110.115280
639 110.116348
640 110.047206
641 106.570632
642 106.413041
643 106.421794
644 106.372260
645 105.234951
646 104.739268
647 104.473361
648 104.458716
649 104.575299
650 104.539087
651 104.211708
652 102.523922
653 102.459588
654 102.123547
655 101.060170
656 100.878555
657 100.725469
658 100.659685
659 100.635169
660 100.034888
661 100.038911
662 98.045066
663 98.012127
664 98.351681
665 98.333835
666 97.910472
667 97.925890
668 94.658625
669 94.657337
670 90.729935
671 90.341386
672 89.851430
673 87.882313
674 85.993498
675 84.215902
676 83.635434
677 83.044796
678 83.021992
679 82.170175
680 82.166075
681 82.099690
682 82.071984
683 81.206261
684 81.085511
685 81.101254
686 80.915584
687 80.917553
688 80.818096
689 79.078685
690 78.666630
691 78.370241
692 78.223350
693 77.399973
694 77.353606
695 77.460356
696 77.486992
697 76.046531
698 76.049874
699 75.595710
700 75.464289
701 75.414391
702 75.209171
703 74.820755
704 74.629975
705 74.606114
706 74.580291
707 74.524871
708 74.456383
709 73.412616
710 73.358035
711 73.358826
712 72.928713
713 71.229877
714 71.216136
715 71.234643
716 71.279901
717 71.237513
718 71.102999
719 71.114385
720 71.101963
721 71.105630
722 70.321932
723 70.322419
724 69.750121
725 69.756377
726 68.187107
727 68.159487
728 68.185462
729 68.142191
730 67.645007
731 67.344463
732 65.804479
733 65.816130
734 65.817398
735 65.832467
736 65.810722
737 65.824555
738 65.669673
739 65.656735
740 65.565791
741 65.537272
742 65.230159
743 65.157430
744 65.034160
745 65.118840
746 65.093512
747 65.097619
748 65.023258
749 65.080207
750 64.398695
751 63.770174
752 61.281335
753 61.321600
754 61.162383
755 61.102064
756 61.053415
757 60.872762
758 60.969063
759 60.950188
760 60.959100
761 59.737599
762 59.734548
763 59.566086
764 59.542125
765 59.536053
766 59.535943
767 59.421017
768 59.435351
769 59.423592
770 59.294291
771 59.252422
772 59.216966
773 59.051485
774 59.010654
775 59.004617
776 59.034085
777 59.038944
778 58.513882
779 58.436265
780 58.455189
781 58.152725
782 57.874069
783 55.588304
784 55.547196
785 55.541876
786 55.542074
787 55.591805
788 55.682930
789 55.704193
790 55.751650
791 55.702649
792 55.713772
793 55.829172
794 55.628675
795 54.636115
796 54.499628
797 54.427082
798 54.144027
799 54.118732
800 54.086901
801 54.078679
802 54.077747
803 54.078561
804 52.127199
805 51.131440
806 50.971154
807 50.979963
808 50.793486
809 50.772265
810 50.779432
811 50.685545
812 50.528158
813 50.549904
814 50.485367
815 50.426399
816 50.448075
817 50.439023
818 50.433899
819 50.412088
820 50.072559
821 49.991808
822 50.004797
823 49.953259
824 49.989163
825 49.978539
826 50.028288
827 49.934561
828 49.941314
829 49.022396
830 49.031171
831 49.008862
832 48.970515
833 49.028030
834 49.128129
835 48.804029
836 48.716785
837 48.786831
838 48.671912
839 48.737503
840 48.785395
841 48.804120
842 48.839824
843 48.839208
844 48.821312
845 48.824578
846 48.870891
847 48.806081
848 48.794245
849 48.824459
850 48.840621
851 48.811662
852 48.686742
853 48.701412
854 48.348618
855 48.267093
856 48.345816
857 48.397732
858 48.436663
859 48.288364
860 48.274734
861 48.312829
862 48.368563
863 48.527424
864 48.364496
865 48.321986
866 48.426599
867 48.436724
868 48.339523
869 48.282830
870 48.273420
871 48.323809
872 48.324660
873 48.233292
874 48.301507
875 48.310667
876 48.221562
877 48.245252
878 48.099768
879 48.071589
880 47.809509
881 47.837084
882 47.793904
883 47.822864
884 47.348579
885 47.321690
886 47.405786
887 47.305478
888 47.273926
889 47.306848
890 47.059927
891 47.063715
892 47.083075
893 46.975111
894 46.947590
895 46.893110
896 46.899473
897 46.898522
898 46.832626
899 46.844462
900 46.618524
901 45.095658
902 45.148084
903 45.199309
904 45.165704
905 45.129224
906 45.089172
907 45.115431
908 45.090981
909 44.231130
910 44.098659
911 44.134744
912 44.253350
913 44.146394
914 44.045447
915 44.038817
916 44.106271
917 44.063161
918 44.060293
919 43.901294
920 43.888534
921 43.965063
922 43.964073
923 43.830383
924 43.882673
925 43.918166
926 43.819768
927 43.829989
928 43.816959
929 43.771067
930 43.750892
931 43.759390
932 43.745224
933 43.674904
934 43.708484
935 43.709627
936 43.702104
937 43.707519
938 43.713970
939 43.756778
940 43.730800
941 43.741184
942 43.787934
943 43.775357
944 43.779777
945 43.107596
946 43.116114
947 43.068234
948 42.672532
949 42.631370
950 42.625192
951 42.573313
952 42.645110
953 42.615032
954 42.600597
955 42.284468
956 42.191225
957 42.263098
958 42.212053
959 42.174289
960 41.962244
961 41.785133
962 41.819206
963 41.829179
964 41.854805
965 41.858020
966 41.255867
967 41.276609
968 40.961226
969 40.940938
970 40.626049
971 40.647772
972 40.625196
973 40.421520
974 40.310319
975 40.132026
976 39.811119
977 39.892649
978 39.860461
979 39.855787
980 39.873258
981 39.878121
982 39.804975
983 39.825256
984 39.604569
985 39.508879
986 39.477979
987 39.394509
988 39.317040
989 39.361990
990 39.389792
991 39.318713
992 39.328609
993 39.316429
994 39.259712
995 39.358150
996 39.340919
997 39.375572
998 39.404424
999 39.328999
1000 39.310745
1001 38.953772
1002 38.936822
1003 38.907444
1004 38.883152
1005 38.859864
1006 38.566118
1007 38.636281
1008 38.623473
1009 38.492671
1010 38.494187
1011 38.562574
1012 38.581231
1013 38.599060
1014 38.570289
1015 38.545911
1016 38.540922
1017 38.534329
1018 38.540228
1019 38.532028
1020 38.549652
1021 38.056626
1022 38.059857
1023 38.069059
1024 38.041559
1025 38.054928
1026 38.107925
1027 38.168774
1028 38.123151
1029 38.240200
1030 38.314033
1031 38.286293
1032 38.281455
1033 38.285060
1034 38.167724
1035 38.186258
1036 38.193688
1037 38.196714
1038 38.207666
1039 38.254980
1040 37.017423
1041 37.039858
1042 36.810805
1043 36.850650
1044 36.821846
1045 36.888945
1046 36.321094
1047 36.364040
1048 36.417922
1049 36.290682
1050 36.229393
1051 36.313224
1052 36.303368
1053 36.376194
1054 36.407360
1055 36.369094
1056 36.452706
1057 36.473052
1058 36.365420
1059 36.405669
1060 36.301510
1061 36.216898
1062 36.192505
1063 36.309490
1064 36.248875
1065 36.247296
1066 36.281975
1067 36.044225
1068 35.945966
1069 35.472128
1070 35.526018
1071 35.514823
1072 35.516866
1073 35.540870
1074 35.538787
1075 35.489395
1076 35.398834
1077 35.387193
1078 35.441523
1079 35.482990
1080 34.550807
1081 33.725488
1082 33.725511
1083 33.734352
1084 33.687208
1085 33.714236
1086 33.731334
1087 33.432011
1088 33.424218
1089 33.394797
1090 33.319884
1091 33.374614
1092 33.451813
1093 33.365077
1094 33.393635
1095 33.321562
1096 33.305244
1097 33.248059
1098 33.278199
1099 33.449280
1100 33.400373
1101 33.423219
1102 33.385702
1103 33.429944
1104 33.328396
1105 33.330481
1106 33.342897
1107 33.313488
1108 33.342840
1109 33.359735
1110 33.611063
1111 33.038084
1112 33.033266
1113 33.049429
1114 33.094538
1115 33.159826
1116 33.143071
1117 33.212777
1118 33.305309
1119 33.262263
1120 33.265557
1121 33.235620
1122 33.194471
1123 33.140408
1124 33.177305
1125 32.823099
1126 32.842032
1127 32.846537
1128 32.851538
1129 32.859678
1130 32.796379
1131 32.835368
1132 32.814664
1133 32.796890
1134 32.807291
1135 32.788542
1136 32.803815
1137 32.827374
1138 33.028622
1139 33.034389
1140 32.805511
1141 32.853454
1142 32.859370
1143 32.842787
1144 32.798740
1145 32.646363
1146 32.656010
1147 32.739467
1148 32.747705
1149 32.724964
1150 32.712662
1151 32.713636
1152 32.890476
1153 32.935357
1154 32.952060
1155 33.109225
1156 32.794573
1157 32.779568
1158 32.714739
1159 32.727457
1160 32.766339
1161 32.817622
1162 32.812970
1163 32.965474
1164 31.947513
1165 31.909761
1166 31.914493
1167 31.945429
1168 31.936836
1169 31.925209
1170 31.926113
1171 31.176814
1172 31.187588
1173 31.193653
1174 31.172025
1175 31.175073
1176 31.146219
1177 31.084853
1178 31.120200
1179 31.187179
1180 31.212990
1181 31.222850
1182 30.910959
1183 30.948770
1184 31.022164
1185 31.011926
1186 30.996777
1187 30.929935
1188 30.985020
1189 30.988995
1190 30.899159
1191 30.762845
1192 30.754311
1193 30.752648
1194 30.854407
1195 30.779040
1196 30.791633
1197 30.209168
1198 30.150319
1199 30.106964
1200 30.077871
1201 30.051138
1202 30.053879
1203 30.043280
1204 30.022717
1205 30.062190
1206 30.105272
1207 29.852287
1208 29.847283
1209 29.846325
1210 29.845755
1211 29.811923
1212 29.846777
1213 29.797864
1214 29.878746
1215 29.460290
1216 29.231696
1217 29.159118
1218 29.081317
1219 29.052368
1220 29.097742
1221 29.047986
1222 29.089513
1223 29.030138
1224 29.039197
1225 28.969480
1226 28.666910
1227 28.668247
1228 28.036011
1229 28.039903
1230 28.039023
1231 27.789800
1232 27.763407
1233 27.709823
1234 27.758783
1235 27.670085
1236 27.478151
1237 27.411514
1238 27.466419
1239 27.457898
1240 27.462663
1241 27.362411
1242 27.391266
1243 27.400112
1244 27.368246
1245 27.373985
1246 27.402899
1247 27.405497
1248 27.402283
1249 27.399874
1250 26.902975
1251 26.884638
1252 26.898619
1253 26.934289
1254 26.939500
1255 26.943772
1256 26.953098
1257 26.951585
1258 26.442614
1259 26.359218
1260 26.304275
1261 26.299082
1262 26.359265
1263 26.318249
1264 26.229353
1265 26.196890
1266 25.679863
1267 25.665874
1268 25.683129
1269 25.655301
1270 25.653909
1271 25.633119
1272 25.719619
1273 25.813283
1274 25.793488
1275 25.782050
1276 25.921949
1277 25.916688
1278 25.819063
1279 25.578727
1280 25.605316
1281 25.594031
1282 25.593294
1283 25.590257
1284 25.588309
1285 25.575098
1286 25.600223
1287 25.594742
1288 25.598167
1289 25.587484
1290 25.725085
1291 25.566288
1292 25.708446
1293 25.682676
1294 25.702949
1295 25.724139
1296 25.749235
1297 25.183756
1298 25.220205
1299 25.213330
1300 25.314507
1301 25.326720
1302 25.285455
1303 25.292059
1304 25.308408
1305 25.448923
1306 24.611914
1307 24.621656
1308 24.612825
1309 24.651039
1310 24.638390
1311 24.659753
1312 24.755155
1313 24.762138
1314 24.744963
1315 24.747241
1316 24.786631
1317 24.677045
1318 24.695455
1319 24.672734
1320 24.656019
1321 24.608708
1322 24.632407
1323 24.660875
1324 24.657176
1325 24.645914
1326 24.684520
1327 24.713276
1328 24.758445
1329 24.704462
1330 24.632967
1331 24.547528
1332 24.518206
1333 24.516261
1334 24.346122
1335 24.352476
1336 24.358858
1337 24.365689
1338 24.369870
1339 24.347394
1340 24.342389
1341 24.359529
1342 24.271853
1343 24.307061
1344 24.307605
1345 24.252979
1346 24.260649
1347 24.271172
1348 24.249522
1349 24.255317
1350 24.281481
1351 24.294690
1352 24.276398
1353 24.286994
1354 24.108899
1355 23.771490
1356 23.774798
1357 23.663064
1358 23.546752
1359 23.459758
1360 23.433118
1361 23.428945
1362 23.424076
1363 23.472013
1364 23.481793
1365 23.348558
1366 23.298946
1367 23.249387
1368 23.249663
1369 23.185134
1370 22.962525
1371 22.936704
1372 22.907002
1373 22.928138
1374 22.911079
1375 22.861606
1376 22.915942
1377 22.925189
1378 22.923609
1379 22.935878
1380 22.931299
1381 22.912402
1382 22.740459
1383 22.792717
1384 22.799914
1385 22.820789
1386 22.751581
1387 22.497463
1388 22.476546
1389 22.422561
1390 22.415652
1391 22.457658
1392 22.470249
1393 22.443319
1394 22.361004
1395 22.322385
1396 22.347382
1397 22.361620
1398 22.345520
1399 22.370997
1400 22.352166
1401 22.319366
1402 22.319832
1403 22.323187
1404 22.321685
1405 22.509206
1406 22.531946
1407 22.564295
1408 22.528974
1409 22.769002
1410 22.813510
1411 22.733006
1412 22.804669
1413 22.741803
1414 22.436568
1415 22.460643
1416 22.340779
1417 22.221755
1418 22.236210
1419 22.126827
1420 22.141762
1421 22.134870
1422 22.130464
1423 22.121666
1424 22.145478
1425 22.172008
1426 22.177479
1427 22.151139
1428 22.156855
1429 22.268324
1430 22.278078
1431 22.258568
1432 22.188233
1433 22.172087
1434 22.213852
1435 22.219224
1436 22.162200
1437 22.149823
1438 22.152961
1439 21.978152
1440 21.995146
1441 21.964124
1442 22.014136
1443 21.984553
1444 22.272466
1445 22.203956
1446 22.255709
1447 22.271371
1448 22.250146
1449 21.857416
1450 21.983136
1451 21.866834
1452 21.734035
1453 21.750526
1454 21.749013
1455 21.718737
1456 21.752021
1457 21.768569
1458 21.777877
1459 21.802787
1460 21.729578
1461 21.653413
1462 21.657007
1463 21.447863
1464 21.421800
1465 21.410488
1466 21.462645
1467 21.442960
1468 21.426980
1469 21.402256
1470 21.421955
1471 21.393605
1472 21.576000
1473 21.554476
1474 21.607428
1475 21.791037
1476 21.697563
1477 21.675670
1478 21.650269
1479 21.613229
1480 21.638607
1481 21.923157
1482 21.924613
1483 21.924918
1484 21.859137
1485 21.726206
1486 21.831713
1487 21.820046
1488 21.056691
1489 21.083884
1490 21.216198
1491 21.211484
1492 21.291386
1493 21.226044
1494 20.915045
1495 20.960136
1496 21.002936
1497 20.986663
1498 20.870088
1499 20.931464
1500 20.965357
1501 20.917493
1502 20.932221
1503 20.941251
1504 20.916515
1505 20.870252
1506 20.795390
1507 20.373672
1508 20.459550
1509 20.535130
1510 20.432592
1511 20.427737
1512 20.428208
1513 20.520411
1514 20.529213
1515 20.521819
1516 20.627937
1517 20.624741
1518 20.621775
1519 20.617549
1520 20.662126
1521 20.726776
1522 20.660195
1523 20.695808
1524 20.713692
1525 20.690876
1526 20.677300
1527 20.672678
1528 20.622393
1529 20.687340
1530 20.669734
1531 20.439785
1532 20.457897
1533 20.447421
1534 20.405451
1535 20.444134
1536 20.318275
1537 20.315657
1538 20.184328
1539 20.117236
1540 20.121988
1541 20.116755
1542 20.115559
1543 20.129952
1544 20.147022
1545 20.145370
1546 20.111849
1547 19.880474
1548 19.844238
1549 19.735788
1550 19.702618
1551 19.737220
1552 19.690090
1553 19.699230
1554 19.653090
1555 19.789471
1556 19.788586
1557 19.709074
1558 19.707955
1559 19.710367
1560 19.708112
1561 19.691498
1562 19.687194
1563 19.730761
1564 19.740468
1565 19.726443
1566 19.714382
1567 19.612933
1568 19.623635
1569 19.616476
1570 19.584991
1571 19.551927
1572 19.549404
1573 19.547995
1574 19.576120
1575 19.548373
1576 19.568129
1577 19.550557
1578 19.774424
1579 19.620395
1580 19.654189
1581 19.612156
1582 19.530845
1583 19.527129
1584 19.507604
1585 19.509409
1586 19.512807
1587 19.499983
1588 19.465620
1589 19.467511
1590 19.773939
1591 19.766348
1592 19.732202
1593 19.636339
1594 19.649650
1595 19.593456
1596 19.831793
1597 19.811706
1598 19.827791
1599 19.886164
1600 19.808539
1601 19.720249
1602 19.702209
1603 19.741980
1604 19.693235
1605 19.732570
1606 19.761723
1607 19.662566
1608 19.731890
1609 19.699276
1610 19.702022
1611 19.551933
1612 19.547986
1613 19.371126
1614 19.388111
1615 19.348707
1616 19.345563
1617 19.270194
1618 19.121407
1619 19.158168
1620 19.107435
1621 18.970700
1622 18.702944
1623 18.660453
1624 18.656860
1625 18.564297
1626 18.583928
1627 18.581784
1628 18.542150
1629 18.570959
1630 18.571383
1631 18.570227
1632 18.565998
1633 18.539595
1634 18.519409
1635 18.374026
1636 18.383562
1637 18.373441
1638 18.339408
1639 18.354202
1640 18.341532
1641 18.354350
1642 18.367644
1643 18.381233
1644 18.369968
1645 18.325581
1646 18.341427
1647 18.345072
1648 18.281008
1649 18.229299
1650 18.183610
1651 17.772356
1652 17.807123
1653 17.784219
1654 17.952650
1655 17.976462
1656 17.847577
1657 17.784363
1658 17.740958
1659 17.956895
1660 17.910527
1661 17.956486
1662 17.959107
1663 17.923699
1664 17.949874
1665 17.938367
1666 17.933804
1667 17.905008
1668 17.878384
1669 17.930184
1670 17.929290
1671 17.900653
1672 17.866670
1673 17.821936
1674 17.821842
1675 17.693643
1676 17.666886
1677 17.631530
1678 17.605979
1679 17.606074
1680 17.608058
1681 17.663398
1682 17.662509
1683 17.452051
1684 17.466280
1685 17.435039
1686 17.461581
1687 17.490346
1688 17.510729
1689 17.475692
1690 17.464645
1691 17.437236
1692 17.439114
1693 17.412162
1694 17.441716
1695 17.402555
1696 17.434889
1697 17.424013
1698 17.428796
1699 17.395924
1700 17.411910
1701 17.438765
1702 17.401867
1703 17.403711
1704 17.447002
1705 17.459020
1706 17.376192
1707 17.373661
1708 17.462368
1709 17.441578
1710 17.437151
1711 17.459063
1712 17.407816
1713 17.305338
1714 17.130357
1715 17.135174
1716 17.110901
1717 17.127317
1718 17.190172
1719 17.220949
1720 17.240089
1721 17.236249
1722 17.158707
1723 17.317135
1724 17.295015
1725 17.260442
1726 17.416766
1727 17.008474
1728 16.959571
1729 16.964212
1730 16.814165
1731 16.742737
1732 16.718628
1733 16.710153
1734 16.668944
1735 16.688994
1736 16.694266
1737 16.717527
1738 16.580092
1739 16.543819
1740 16.439300
1741 16.437893
1742 16.438597
1743 16.440877
1744 16.459310
1745 16.445926
1746 16.466676
1747 16.444771
1748 16.428255
1749 16.422413
1750 16.427692
1751 16.444341
1752 16.470076
1753 16.517650
1754 16.510765
1755 16.617429
1756 16.602587
1757 16.587208
1758 16.509151
1759 16.510603
1760 16.511310
1761 16.505285
1762 16.444261
1763 16.412541
1764 16.370872
1765 16.399306
1766 16.370895
1767 16.387222
1768 16.383020
1769 16.359916
1770 16.323702
1771 16.433747
1772 16.459503
1773 16.441931
1774 16.155706
1775 16.173611
1776 15.901876
1777 16.043023
1778 16.017519
1779 16.046440
1780 16.086556
1781 16.038478
1782 16.033411
1783 16.053793
1784 16.094605
1785 16.123048
1786 16.093523
1787 15.885393
1788 15.857530
1789 15.887519
1790 15.919135
1791 15.880193
1792 15.869541
1793 15.852347
1794 15.944483
1795 15.967505
1796 15.949334
1797 15.646543
1798 15.760398
1799 15.906505
1800 15.885965
1801 15.883003
1802 15.942280
1803 15.925410
1804 15.918027
1805 15.861600
1806 15.968754
1807 15.912639
1808 15.913128
1809 15.918170
1810 15.744594
1811 15.670989
1812 15.658764
1813 15.639778
1814 15.631647
1815 15.627108
1816 15.661752
1817 15.673664
1818 15.667836
1819 15.633945
1820 15.470232
1821 15.479329
1822 15.460632
1823 15.447622
1824 15.728480
1825 15.735054
1826 15.513885
1827 15.496088
1828 15.492547
1829 15.518029
1830 15.997297
1831 16.397050
1832 16.431721
1833 16.118739
1834 16.119622
1835 16.118519
1836 16.104657
1837 16.101015
1838 16.089413
1839 16.067538
1840 15.626212
1841 15.656952
1842 15.640827
1843 15.702091
1844 15.725786
1845 15.718117
1846 15.757380
1847 15.985233
1848 16.012291
1849 15.916674
1850 15.920372
1851 15.924447
1852 16.061981
1853 16.091075
1854 15.476071
1855 15.209453
1856 15.368328
1857 15.311495
1858 15.252655
1859 15.338747
1860 15.141711
1861 15.019087
1862 15.005811
1863 15.027730
1864 15.012263
1865 14.980020
1866 14.949304
1867 14.946780
1868 14.966004
1869 14.958270
1870 14.961540
1871 14.949887
1872 14.926057
1873 14.876694
1874 14.867820
1875 14.860495
1876 14.806487
1877 14.801713
1878 14.831844
1879 14.948644
1880 14.949625
1881 14.953131
1882 15.220390
1883 15.231234
1884 15.298053
1885 15.302751
1886 14.853149
1887 14.854206
1888 14.867670
1889 14.861678
1890 15.001624
1891 15.033901
1892 15.019795
1893 14.991176
1894 15.057594
1895 15.124329
1896 15.087685
1897 15.030785
1898 15.039254
1899 15.005939
1900 15.032638
1901 15.032607
1902 15.102260
1903 15.032726
1904 15.039438
1905 14.999829
1906 15.022129
1907 15.016177
1908 14.954947
1909 14.951175
1910 15.004696
1911 14.983720
1912 14.986799
1913 14.975051
1914 14.980330
1915 14.975920
1916 14.981912
1917 14.986265
1918 14.983692
1919 15.007272
1920 15.024198
1921 15.030421
1922 15.027250
1923 15.029316
1924 14.995780
1925 14.939579
1926 14.963659
1927 14.948346
1928 14.957240
1929 14.944539
1930 14.915153
1931 14.913155
1932 14.895497
1933 14.893727
1934 14.841951
1935 14.853749
1936 14.860096
1937 14.833226
1938 14.869304
1939 14.932331
1940 14.951383
1941 14.946817
1942 14.923447
1943 14.913810
1944 15.044871
1945 15.045080
1946 15.093363
1947 15.089857
1948 15.086443
1949 15.197029
1950 15.163660
1951 15.121563
1952 15.170296
1953 15.201361
1954 15.524917
1955 15.569540
1956 15.726484
1957 15.720352
1958 15.693959
1959 15.697826
1960 15.353560
1961 15.354866
1962 15.310069
1963 15.254977
1964 15.260737
1965 15.304402
1966 15.277307
1967 15.673215
1968 15.677491
1969 15.961148
1970 15.811126
1971 16.116339
1972 15.760627
1973 15.601597
1974 15.745285
1975 15.735021
1976 15.603284
1977 15.582957
1978 15.443917
1979 15.619000
1980 15.514457
1981 15.103929
1982 15.139067
1983 15.154181
1984 15.140843
1985 15.160038
1986 15.168481
1987 15.168942
1988 15.078309
1989 14.857839
1990 14.940686
1991 14.885728
1992 14.892628
1993 14.811967
1994 14.810638
1995 14.791846
1996 14.711479
1997 14.714664
1998 14.680785
1999 14.410950
2000 14.408932
2001 14.434498
2002 14.417784
2003 14.416161
2004 14.413090
2005 14.389176
2006 14.348704
2007 14.296165
2008 14.254299
2009 14.277057
2010 14.281847
2011 14.231537
2012 14.224856
2013 14.170227
2014 14.159536
2015 14.136856
2016 14.110713
2017 14.130867
2018 14.137364
2019 14.131111
2020 14.131421
2021 14.162315
2022 14.129096
2023 14.127481
2024 14.202467
2025 14.208808
2026 14.233990
2027 14.283693
2028 14.323243
2029 14.302599
2030 14.563905
2031 14.492621
2032 14.882257
2033 14.847488
2034 14.874560
2035 14.766996
2036 14.741195
2037 14.693040
2038 14.593326
2039 14.440454
2040 14.497869
2041 14.481522
2042 14.231528
2043 14.211131
2044 14.171147
2045 14.168663
2046 14.168240
2047 14.141579
2048 14.131887
2049 14.033688
2050 13.989109
2051 14.013379
2052 14.002579
2053 13.966550
2054 14.030824
2055 13.985936
2056 13.961460
2057 13.936085
2058 13.899839
2059 13.763327
2060 13.613961
2061 13.446781
2062 13.322072
2063 13.339226
2064 13.307493
2065 13.286739
2066 13.283031
2067 13.238916
2068 13.199788
2069 13.173659
2070 13.191862
2071 13.176327
2072 13.179300
2073 13.175345
2074 13.206230
2075 13.199739
2076 13.188356
2077 13.175755
2078 13.176556
2079 13.074187
2080 13.072796
2081 13.092287
2082 13.047725
2083 13.033876
2084 13.252725
2085 13.237822
2086 13.251027
2087 13.264602
2088 13.282762
2089 13.282756
2090 13.289130
2091 13.393328
2092 13.393745
2093 13.278972
2094 13.270760
2095 13.230001
2096 13.188577
2097 13.189621
2098 13.161909
2099 13.099701
2100 13.092132
2101 12.848809
2102 12.868582
2103 12.846093
2104 12.848300
2105 12.850510
2106 12.848523
2107 13.011460
2108 12.811763
2109 12.814750
2110 12.811907
2111 12.814581
2112 12.874660
2113 12.829584
2114 12.823553
2115 12.810404
2116 12.808009
2117 12.792472
2118 12.846617
2119 12.859984
2120 12.855272
2121 12.853337
2122 13.079330
2123 13.075041
2124 13.060235
2125 13.058288
2126 13.063435
2127 13.050126
2128 13.046431
2129 13.044706
2130 13.048583
2131 13.064170
2132 13.055046
2133 13.056997
2134 13.178347
2135 12.798994
2136 12.863230
2137 12.784043
2138 12.782591
2139 12.788705
2140 12.804593
2141 13.083996
2142 13.093749
2143 13.125576
2144 13.129351
2145 12.899328
2146 12.877692
2147 12.875197
2148 12.903866
2149 12.892264
2150 12.679781
2151 12.677983
2152 12.687909
2153 12.730573
2154 12.723642
2155 12.686586
2156 12.702689
2157 12.704275
2158 12.669161
2159 12.671899
2160 12.685566
2161 12.701701
2162 12.646503
2163 12.647291
2164 12.649372
2165 12.664326
2166 12.636727
2167 12.751466
2168 12.636535
2169 12.629979
2170 12.628519
2171 12.586333
2172 12.564394
2173 12.569641
2174 12.280541
2175 12.241179
2176 12.400526
2177 12.305132
2178 12.245775
2179 12.060273
2180 12.072674
2181 12.062821
2182 12.129385
2183 12.162587
2184 12.356905
2185 12.188719
2186 11.856770
2187 11.865933
2188 11.812391
2189 11.830915
2190 11.800231
2191 11.826098
2192 11.876707
2193 12.651363
2194 12.644449
2195 12.249902
2196 12.241177
2197 12.303396
2198 12.246891
2199 12.233540
2200 12.197027
2201 12.183193
2202 12.181083
2203 12.164923
2204 12.102576
2205 12.107474
2206 12.140716
2207 12.138237
2208 11.935233
2209 11.931432
2210 11.925817
2211 11.917915
2212 11.918258
2213 11.915695
2214 11.912692
2215 11.907033
2216 11.928782
2217 12.036337
2218 12.042811
2219 11.703309
2220 11.668360
2221 11.660739
2222 11.672988
2223 11.692812
2224 11.706278
2225 11.714174
2226 11.585059
2227 11.552889
2228 11.564854
2229 11.731369
2230 11.727236
2231 11.716338
2232 11.689690
2233 11.692205
2234 11.706543
2235 11.714041
2236 11.605153
2237 11.628108
2238 11.645637
2239 11.850725
2240 11.846895
2241 11.867400
2242 11.921638
2243 11.968288
2244 11.964342
2245 11.968041
2246 11.982184
2247 11.986932
2248 11.991825
2249 11.998349
2250 12.011864
2251 12.210916
2252 12.181502
2253 12.305574
2254 12.306598
2255 12.277456
2256 12.272589
2257 12.281385
2258 12.298407
2259 12.275942
2260 12.289086
2261 12.276963
2262 12.291170
2263 12.295376
2264 12.622294
2265 12.607859
2266 12.585766
2267 12.622307
2268 12.607398
2269 12.592100
2270 12.609190
2271 11.947120
2272 11.917924
2273 11.789980
2274 11.804407
2275 11.801656
2276 12.091294
2277 12.249258
2278 12.292771
2279 12.278328
2280 12.254270
2281 12.231759
2282 12.238089
2283 12.230889
2284 12.230351
2285 12.266080
2286 12.253188
2287 12.256540
2288 12.257966
2289 11.561000
2290 11.550863
2291 11.556453
2292 11.578380
2293 11.551124
2294 11.554558
2295 11.556475
2296 11.572334
2297 11.556940
2298 11.379742
2299 11.393948
2300 11.364907
2301 11.338602
2302 11.332647
2303 11.344145
2304 11.354872
2305 11.377298
2306 11.358273
2307 11.350102
2308 11.354189
2309 11.395900
2310 11.388763
2311 11.464297
2312 11.462721
2313 11.475312
2314 11.475980
2315 11.480691
2316 11.461267
2317 11.523975
2318 11.528672
2319 11.483982
2320 11.440277
2321 11.419956
2322 11.415648
2323 11.446412
2324 11.455525
2325 11.456188
2326 11.413403
2327 11.453993
2328 11.447558
2329 11.383017
2330 11.490935
2331 11.469794
2332 11.497545
2333 11.606953
2334 11.577926
2335 11.663316
2336 11.630570
2337 11.746348
2338 11.654231
2339 11.667382
2340 12.013311
2341 12.027665
2342 11.979750
2343 11.986649
2344 12.010302
2345 11.816136
2346 11.698279
2347 11.698189
2348 11.680474
2349 11.700975
2350 11.689365
2351 11.676531
2352 11.665209
2353 11.719797
2354 11.733136
2355 11.700468
2356 11.690937
2357 11.707038
2358 11.569691
2359 11.544241
2360 11.011227
2361 11.035970
2362 11.031683
2363 11.031152
2364 11.009438
2365 10.887510
2366 10.882961
2367 10.880210
2368 10.886912
2369 10.866485
2370 10.877756
2371 10.879954
2372 10.891670
2373 10.941164
2374 10.918442
2375 10.931714
2376 10.913435
2377 10.904948
2378 10.903445
2379 10.898629
2380 10.901056
2381 10.895425
2382 10.893662
2383 10.890813
2384 10.882407
2385 11.054760
2386 11.120993
2387 11.138724
2388 11.134177
2389 11.129415
2390 11.123841
2391 11.150164
2392 11.116697
2393 11.079146
2394 11.085170
2395 11.077358
2396 11.046033
2397 10.929988
2398 10.900533
2399 10.920737
2400 10.920919
2401 10.927573
2402 10.921950
2403 10.883949
2404 10.865158
2405 10.869245
2406 10.884525
2407 10.845856
2408 11.089458
2409 11.133416
2410 11.155421
2411 11.136294
2412 11.118122
2413 11.077249
2414 11.077806
2415 11.087679
2416 11.101567
2417 10.957421
2418 11.040414
2419 11.053551
2420 11.058253
2421 11.033852
2422 10.852592
2423 10.904034
2424 10.851707
2425 10.880023
2426 10.734567
2427 10.706736
2428 10.568416
2429 10.531303
2430 10.522827
2431 10.564436
2432 10.732433
2433 10.732858
2434 10.572344
2435 10.544813
2436 10.430923
2437 10.435361
2438 10.411649
2439 10.397872
2440 10.334815
2441 10.337608
2442 10.330549
2443 10.310665
2444 10.289435
2445 10.293930
2446 10.265879
2447 10.264221
2448 10.253448
2449 10.258940
2450 10.206330
2451 10.188350
2452 10.208381
2453 10.504599
2454 10.509578
2455 10.500406
2456 10.927328
2457 10.934346
2458 10.932745
2459 10.946391
2460 10.656751
2461 10.644831
2462 10.668965
2463 10.685024
2464 10.623546
2465 10.722085
2466 10.718589
2467 10.717925
2468 10.726879
2469 10.781543
2470 10.952500
2471 11.111251
2472 11.122382
2473 11.081207
2474 11.066477
2475 11.090779
2476 11.125692
2477 11.231740
2478 11.218050
2479 11.222495
2480 11.195400
2481 11.208157
2482 11.121808
2483 11.141898
2484 11.387769
2485 11.434614
2486 11.478955
2487 11.485488
2488 10.496319
2489 10.428037
2490 10.413260
2491 10.417399
2492 10.417002
2493 10.372320
2494 10.371736
2495 10.381087
2496 10.469120
2497 10.459505
2498 10.629641
2499 10.672260
2500 10.692555
2501 10.686220
2502 10.577116
2503 10.567087
2504 10.568699
2505 10.663460
2506 10.679795
2507 10.655745
2508 10.583122
2509 10.595000
2510 10.625424
2511 10.616857
2512 10.565014
2513 10.569482
2514 10.573189
2515 10.559507
2516 10.559887
2517 10.550010
2518 10.516467
2519 10.485976
2520 10.501568
2521 10.500362
2522 10.694159
2523 10.697274
2524 10.670287
2525 11.774106
2526 11.724815
2527 11.790073
2528 11.723068
2529 12.270682
2530 12.983350
2531 12.978906
2532 12.931063
2533 12.923979
2534 12.623626
2535 12.589467
2536 12.484450
2537 12.488077
2538 12.433355
2539 12.239509
2540 12.242064
2541 13.276706
2542 13.178915
2543 13.220578
2544 13.239638
2545 13.179934
2546 13.017613
2547 12.941565
2548 12.670934
2549 12.636208
2550 12.605127
2551 12.599554
2552 12.546611
2553 12.576433
2554 12.549301
2555 12.549352
2556 16.179437
2557 16.112566
2558 16.171194
2559 16.104927
2560 18.098758
2561 18.106588
2562 17.839736
2563 17.863406
2564 17.510998
2565 17.038390
2566 17.089016
2567 16.666612
2568 17.217221
2569 17.242471
2570 17.259660
2571 17.254472
2572 17.176644
2573 17.017967
2574 16.925670
2575 16.861745
2576 16.697481
2577 16.667047
2578 16.647116
2579 17.193942
2580 17.219938
2581 17.303655
2582 17.289670
2583 17.255931
2584 17.151165
2585 17.149121
2586 17.351254
2587 17.333120
2588 16.980995
2589 16.849782
2590 16.833970
2591 16.890830
2592 16.950449
2593 16.405333
2594 16.158395
2595 20.271646
2596 19.263956
2597 19.213890
2598 19.220181
2599 19.213627
2600 19.159396
2601 19.155140
2602 18.909154
2603 18.641641
2604 18.684858
2605 18.689413
2606 18.698049
2607 17.824618
2608 17.815705
2609 17.462240
2610 16.951201
2611 16.754235
2612 16.660354
2613 16.639854
2614 16.633518
2615 16.191193
2616 16.176388
2617 13.861450
2618 13.706948
2619 12.613748
2620 12.611530
2621 12.560795
2622 12.565107
2623 12.492122
2624 12.496896
2625 12.492160
2626 12.043376
2627 12.832252
2628 11.582353
2629 11.567883
2630 11.432668
2631 11.438751
2632 11.303133
2633 11.298953
2634 11.302327
2635 11.296262
2636 11.307711
2637 11.304018
2638 11.296112
2639 11.209757
2640 11.208360
2641 11.218844
2642 11.227762
2643 11.205121
2644 11.667288
2645 11.650796
2646 11.615464
2647 11.603873
2648 11.476239
2649 11.480255
2650 11.448354
2651 11.003947
2652 11.007848
2653 10.308268
2654 10.284539
2655 10.294139
2656 10.288244
2657 10.279662
2658 10.283078
2659 10.246736
2660 10.231246
2661 10.299548
2662 10.279613
2663 10.263566
2664 12.958283
2665 12.933882
2666 12.938923
2667 12.850784
2668 12.818503
2669 12.821875
2670 12.928502
2671 12.747351
2672 12.748713
2673 12.741455
2674 12.858455
2675 12.930354
2676 12.153957
2677 12.144176
2678 11.893154
2679 11.899980
2680 11.908850
2681 11.914644
2682 11.727620
2683 11.666795
2684 11.683388
2685 11.763054
2686 11.697510
2687 11.588334
2688 11.603437
2689 11.584522
2690 11.585827
2691 11.142005
2692 10.278274
2693 10.281762
2694 10.261668
2695 10.260129
2696 10.250485
2697 10.258228
2698 10.157733
2699 10.164019
2700 10.199869
2701 10.190645
2702 10.140447
2703 10.120307
2704 10.125575
2705 10.117521
2706 10.116904
2707 10.284481
2708 10.266575
2709 10.227469
2710 10.222774
2711 10.213945
2712 10.213842
2713 10.174572
2714 10.181445
2715 10.228479
2716 10.211240
2717 10.206164
2718 10.188865
2719 9.846686
2720 9.846523
2721 9.862024
2722 9.858190
2723 9.857846
2724 9.848289
2725 9.851388
2726 9.842855
2727 9.943166
2728 9.941541
2729 9.946525
2730 9.967306
2731 9.989019
2732 10.008578
2733 10.003183
2734 9.994996
2735 10.196284
2736 10.187238
2737 10.188041
2738 10.184849
2739 10.183204
2740 10.200217
2741 10.262807
2742 10.266392
2743 10.377677
2744 10.369226
2745 10.368119
2746 10.534061
2747 10.559668
2748 10.550359
2749 10.551463
2750 10.553102
2751 10.557679
2752 10.554930
2753 10.559802
2754 10.562411
2755 10.553330
2756 10.524303
2757 10.524547
2758 10.545385
2759 10.620631
2760 10.200506
2761 10.184423
2762 10.187988
2763 10.156851
2764 10.143334
2765 10.599287
2766 10.336153
2767 10.352470
2768 10.337544
2769 10.130353
2770 10.131215
2771 10.107482
2772 10.103913
2773 9.774668
2774 10.170593
2775 10.162710
2776 10.177101
2777 10.126602
2778 10.138090
2779 10.136906
2780 10.144627
2781 10.139361
2782 10.153832
2783 10.155918
2784 10.125774
2785 10.107823
2786 10.751581
2787 10.949725
2788 10.943716
2789 10.829774
2790 10.870086
2791 11.117081
2792 11.165671
2793 11.132788
2794 11.150244
2795 11.204921
2796 11.209315
2797 11.182016
2798 11.172645
2799 11.163945
2800 11.159082
2801 10.558846
2802 10.551898
2803 10.538897
2804 10.196707
2805 10.144052
2806 10.251127
2807 10.260282
2808 10.255759
2809 10.087579
2810 10.066843
2811 10.081231
2812 10.029465
2813 10.028415
2814 10.015863
2815 10.027993
2816 10.132698
2817 10.119794
2818 10.115116
2819 10.116539
2820 10.137955
2821 10.109848
2822 10.103256
2823 10.096446
2824 10.524085
2825 10.526688
2826 10.440661
2827 10.439715
2828 10.321230
2829 10.281391
2830 10.316841
2831 10.363501
2832 10.355988
2833 10.354201
2834 10.348575
2835 10.248541
2836 9.654410
2837 10.181010
2838 10.169202
2839 10.002265
2840 9.540078
2841 9.531175
2842 9.547171
2843 9.555246
2844 9.538056
2845 9.546269
2846 9.576440
2847 9.575561
2848 9.569726
2849 9.548989
2850 9.543473
2851 9.570342
2852 9.581718
2853 9.649258
2854 9.655312
2855 9.667552
2856 9.615189
2857 9.653163
2858 9.612740
2859 9.622481
2860 9.697671
2861 9.694089
2862 9.730617
2863 9.759388
2864 9.739523
2865 9.780940
2866 9.732701
2867 9.738877
2868 9.713529
2869 10.017250
2870 10.010689
2871 9.993527
2872 9.954840
2873 9.950381
2874 9.931024
2875 9.948395
2876 9.392187
2877 9.352696
2878 9.348467
2879 9.336928
2880 9.327477
2881 9.335764
2882 9.337016
2883 9.415871
2884 9.386797
2885 9.373180
2886 9.369540
2887 9.384941
2888 9.398446
2889 9.386771
2890 9.559019
2891 9.566410
2892 9.647772
2893 9.360587
2894 9.352122
2895 9.352718
2896 9.357817
2897 9.363115
2898 9.349360
2899 9.427784
2900 9.362303
2901 9.353525
2902 9.360087
2903 9.371013
2904 9.365934
2905 9.394280
2906 9.389065
2907 9.394902
2908 10.266358
2909 10.288218
2910 10.532209
2911 10.527104
2912 10.520371
2913 10.520594
2914 10.531733
2915 10.516253
2916 10.514929
2917 10.265635
2918 10.270373
2919 10.272211
2920 10.273405
2921 10.269953
2922 9.467828
2923 9.797920
2924 9.796802
2925 9.648976
2926 9.655012
2927 9.656941
2928 9.687344
2929 9.663099
2930 9.662747
2931 9.651987
2932 9.639215
2933 9.637868
2934 9.646964
2935 9.644532
2936 9.651083
2937 9.647294
2938 9.652991
2939 9.666614
2940 9.669305
2941 9.663704
2942 9.554641
2943 9.531773
2944 9.522518
2945 9.501717
2946 9.489080
2947 9.471578
2948 9.630579
2949 9.599865
2950 9.597748
2951 9.613940
2952 9.611633
2953 9.617666
2954 9.618817
2955 9.636015
2956 9.633370
2957 9.627082
2958 9.596709
2959 9.621837
2960 9.675983
2961 9.541906
2962 9.541905
2963 9.500406
2964 9.424506
2965 9.376854
2966 9.373405
2967 9.341581
2968 9.339987
2969 9.346050
2970 9.351082
2971 9.365837
2972 9.373387
2973 9.369950
2974 9.362105
2975 9.348750
2976 9.350706
2977 9.337848
2978 9.357605
2979 9.366258
2980 9.365845
2981 9.341406
2982 9.305312
2983 9.290789
2984 9.283342
2985 9.268588
2986 9.293138
2987 9.318165
2988 9.268450
2989 9.184454
2990 9.178934
2991 9.158802
2992 9.140595
2993 9.155029
2994 9.165941
2995 9.168525
2996 9.164190
2997 9.166421
2998 9.166476
2999 9.474068
3000 9.402858
3001 9.402585
3002 9.420274
3003 9.155593
3004 9.148087
3005 9.064987
3006 9.066016
3007 9.060649
3008 9.048555
3009 9.058678
3010 9.077085
3011 9.075706
3012 9.083971
3013 9.091854
3014 9.088004
3015 9.068557
3016 9.058069
3017 9.059392
3018 9.069761
3019 9.062183
3020 9.051039
3021 9.047476
3022 9.032947
3023 9.047445
3024 9.063661
3025 9.074565
3026 9.074256
3027 9.090560
3028 9.306970
3029 9.258526
3030 9.266529
3031 9.267769
3032 9.379191
3033 9.372449
3034 9.245086
3035 9.363764
3036 9.668637
3037 9.772723
3038 9.836751
3039 10.488049
3040 10.457271
3041 10.431955
3042 10.451372
3043 10.442420
3044 10.428267
3045 10.422237
3046 10.406587
3047 10.381972
3048 10.408051
3049 10.415603
3050 10.427538
3051 10.350244
3052 10.360591
3053 10.381090
3054 10.353535
3055 10.341667
3056 10.365435
3057 10.292289
3058 10.282228
3059 10.287696
3060 10.289526
3061 10.261920
3062 10.256414
3063 10.240651
3064 9.979002
3065 10.072422
3066 10.077120
3067 10.072368
3068 10.051385
3069 10.046621
3070 10.004651
3071 10.000259
3072 9.989449
3073 9.743809
3074 9.364161
3075 9.280083
3076 9.294260
3077 9.309265
3078 9.004272
3079 8.997934
3080 9.037783
3081 9.042853
3082 9.054113
3083 9.038425
3084 9.066433
3085 9.069059
3086 9.164032
3087 9.000602
3088 9.002318
3089 9.013153
3090 9.017865
3091 9.026451
3092 9.033714
3093 9.048832
3094 9.012918
3095 9.038351
3096 9.033356
3097 9.024407
3098 9.025840
3099 9.024767
3100 9.022226
3101 9.023995
3102 9.029817
3103 9.028482
3104 9.161576
3105 9.183589
3106 9.204247
3107 9.121003
3108 9.114226
3109 9.568865
3110 9.535577
3111 9.535296
3112 9.454874
3113 9.020893
3114 9.027544
3115 8.920496
3116 8.897284
3117 8.895848
3118 8.894843
3119 8.900894
3120 8.889248
3121 8.882874
3122 8.876587
3123 8.875336
3124 8.876745
3125 8.855762
3126 8.810506
3127 8.785235
3128 8.794872
3129 8.806098
3130 8.802478
3131 8.799349
3132 8.714539
3133 8.712643
3134 8.712294
3135 8.685562
3136 8.661580
3137 8.668683
3138 8.669448
3139 8.657173
3140 8.661231
3141 8.880751
3142 8.999205
3143 8.999942
3144 8.978836
3145 8.967819
3146 8.871896
3147 8.864069
3148 8.850042
3149 8.841376
3150 8.853932
3151 8.851060
3152 8.856013
3153 8.843257
3154 8.818222
3155 8.821078
3156 8.806102
3157 8.811891
3158 8.816867
3159 8.807082
3160 8.701250
3161 8.706747
3162 8.711842
3163 8.783956
3164 8.790145
3165 8.751832
3166 8.637066
3167 8.638656
3168 8.630855
3169 8.634616
3170 8.604643
3171 8.607095
3172 8.616128
3173 8.636170
3174 8.730009
3175 8.736706
3176 8.740928
3177 8.610353
3178 8.597929
3179 8.597223
3180 8.609877
3181 8.611562
3182 8.604868
3183 8.624537
3184 8.616316
3185 8.605038
3186 8.538113
3187 8.530827
3188 8.503474
3189 8.491911
3190 8.493260
3191 8.496748
3192 8.493576
3193 8.681717
3194 8.713907
3195 8.707617
3196 8.699988
3197 8.698227
3198 8.669607
3199 8.670434
3200 8.897164
3201 8.842511
3202 8.882899
3203 9.080007
3204 8.817290
3205 8.756379
3206 8.772379
3207 8.700771
3208 8.727364
3209 8.698699
3210 8.673304
3211 8.691833
3212 8.653330
3213 8.752836
3214 8.751343
3215 8.740430
3216 8.771454
3217 8.957952
3218 8.419328
3219 8.421493
3220 8.407613
3221 8.404093
3222 8.416961
3223 8.430766
3224 8.412050
3225 8.402417
3226 8.416652
3227 8.396775
3228 8.394658
3229 8.398999
3230 8.429026
3231 8.420538
3232 8.431114
3233 8.431123
3234 8.453278
3235 8.479350
3236 8.480343
3237 8.472490
3238 8.468464
3239 8.653214
3240 8.539591
3241 8.931981
3242 8.942689
3243 8.929180
3244 8.870183
3245 8.873032
3246 8.640638
3247 8.607222
3248 8.613209
3249 8.302786
3250 8.293652
3251 8.366717
3252 8.334141
3253 8.363117
3254 8.354992
3255 8.350571
3256 8.344115
3257 8.345848
3258 8.343225
3259 8.376599
3260 8.378951
3261 8.647983
3262 8.640676
3263 8.643342
3264 8.641635
3265 8.647774
3266 8.643568
3267 8.650085
3268 8.569287
3269 8.570955
3270 8.586590
3271 8.590188
3272 8.590613
3273 8.601953
3274 8.613850
3275 8.637398
3276 8.635768
3277 9.174336
3278 9.304200
3279 8.771347
3280 8.765309
3281 8.776064
3282 8.767078
3283 8.421548
3284 8.423276
3285 8.398207
3286 8.376456
3287 8.368520
3288 8.254463
3289 8.241498
3290 8.243554
3291 8.237352
3292 8.238177
3293 8.201598
3294 8.230938
3295 8.266127
3296 8.284803
3297 8.358720
3298 8.134316
3299 8.123764
3300 8.135368
3301 8.136290
3302 8.138923
3303 8.140781
3304 8.300652
3305 8.296752
3306 8.283927
3307 8.276746
3308 8.275060
3309 8.495703
3310 8.505850
3311 8.497631
3312 8.495468
3313 8.313863
3314 8.432632
3315 8.395836
3316 8.371632
3317 8.391444
3318 8.379499
3319 8.237701
3320 8.238546
3321 8.230404
3322 8.218380
3323 8.650931
3324 8.794577
3325 8.826732
3326 8.804353
3327 8.816499
3328 8.651920
3329 8.761669
3330 8.754243
3331 8.769731
3332 8.777454
3333 8.803091
3334 8.855091
3335 8.823445
3336 8.794786
3337 8.796897
3338 8.799483
3339 8.792107
3340 8.812958
3341 8.779826
3342 8.784923
3343 8.814531
3344 8.812055
3345 8.903642
3346 8.909259
3347 8.858208
3348 10.168444
3349 10.157723
3350 10.164484
3351 10.896362
3352 10.421117
3353 10.240456
3354 10.262906
3355 10.275084
3356 10.358067
3357 10.399471
3358 10.430255
3359 10.518424
3360 10.442813
3361 10.444976
3362 10.433202
3363 10.485287
3364 10.516239
3365 10.346963
3366 10.341819
3367 10.007458
3368 10.885286
3369 10.348858
3370 10.378813
3371 10.428805
3372 10.438020
3373 10.374786
3374 10.361919
3375 10.440918
3376 10.101234
3377 10.171197
3378 10.019535
3379 10.079515
3380 9.371810
3381 9.439656
3382 9.442924
3383 9.552099
3384 9.550549
3385 9.560895
3386 9.567888
3387 9.579207
3388 9.166159
3389 9.043652
3390 9.064214
3391 9.048603
3392 9.049943
3393 9.067514
3394 9.041137
3395 10.540279
3396 10.588204
3397 10.746659
3398 10.717661
3399 10.713433
3400 10.592203
3401 10.614971
3402 10.611250
3403 10.756527
3404 8.750888
3405 8.738364
3406 8.735093
3407 8.742630
3408 8.403871
3409 8.415522
3410 8.312340
3411 8.315501
3412 8.315628
3413 8.235018
3414 8.221253
3415 8.226515
3416 8.215748
3417 8.167939
3418 8.166517
3419 8.161337
3420 8.109133
3421 8.024475
3422 8.013401
3423 8.065456
3424 8.111432
3425 8.104872
3426 8.029170
3427 8.027519
3428 8.423051
3429 8.474457
3430 8.465692
3431 11.388209
3432 11.348274
3433 11.025444
3434 11.004455
3435 10.988587
3436 10.913170
3437 9.641791
3438 9.601504
3439 9.650514
3440 9.631476
3441 9.655531
3442 9.546627
3443 9.537459
3444 9.542938
3445 9.440402
3446 10.018957
3447 8.686035
3448 8.709889
3449 8.102767
3450 8.033250
3451 7.827650
3452 7.829436
3453 7.835167
3454 7.674706
3455 7.678965
3456 7.567283
3457 7.556756
3458 7.540079
3459 7.569731
3460 7.578920
3461 7.567737
3462 7.561354
3463 7.544389
3464 7.533656
3465 7.535246
3466 7.518503
3467 7.404202
3468 7.516069
3469 7.478734
3470 7.880064
3471 7.917294
3472 7.372992
3473 7.376669
3474 7.482225
3475 7.482119
3476 7.483788
3477 7.464909
3478 7.477952
3479 7.478256
3480 7.771462
3481 7.786097
3482 7.772794
3483 7.748766
3484 7.697256
3485 7.695319
3486 7.698697
3487 9.070259
3488 9.047663
3489 8.876731
3490 8.860341
3491 8.813085
3492 8.814283
3493 8.345778
3494 8.369341
3495 8.350344
3496 8.342165
3497 8.326744
3498 8.304569
3499 8.306275
3500 8.308934
3501 8.317652
3502 8.392007
3503 8.382817
3504 8.349973
3505 8.345970
3506 8.327621
3507 8.200413
3508 8.553968
3509 8.540256
3510 8.543166
3511 8.500391
3512 8.507746
3513 8.408151
3514 8.332239
3515 7.985354
3516 7.938956
3517 7.926152
3518 7.933554
3519 8.000512
3520 7.975025
3521 7.971098
3522 8.429407
3523 8.441656
3524 8.085481
3525 8.076302
3526 7.798224
3527 7.775864
3528 7.786794
3529 7.776456
3530 7.789243
3531 7.832261
3532 7.558732
3533 7.549708
3534 7.549467
3535 7.553279
3536 7.557425
3537 7.551647
3538 7.560492
3539 7.376120
3540 7.377538
3541 7.363760
3542 7.292698
3543 7.278120
3544 7.282632
3545 7.273707
3546 7.324489
3547 7.325396
3548 7.871336
3549 7.864454
3550 7.548081
3551 7.569878
3552 8.558674
3553 8.544034
3554 8.520990
3555 8.032794
3556 8.061851
3557 8.049390
3558 8.037489
3559 8.032637
3560 8.378562
3561 8.398785
3562 8.399008
3563 8.082205
3564 8.160937
3565 8.109500
3566 8.094339
3567 8.070276
3568 8.061630
3569 8.053164
3570 7.791104
3571 7.784245
3572 7.526705
3573 7.568533
3574 7.539102
3575 7.550623
3576 7.540937
3577 7.519030
3578 7.438252
3579 7.434709
3580 7.317417
3581 7.312467
3582 7.302745
3583 7.295376
3584 7.301163
3585 7.248856
3586 7.283829
3587 7.282660
3588 7.308731
3589 7.304675
3590 7.292634
3591 7.272637
3592 7.252045
3593 7.413598
3594 7.398233
3595 7.505043
3596 7.488196
3597 7.461704
3598 7.460384
3599 7.860590
3600 7.882542
3601 7.940798
3602 7.941098
3603 7.957656
3604 7.926172
3605 7.847833
3606 7.907144
3607 7.887471
3608 7.895882
3609 7.904858
3610 7.984101
3611 8.160253
3612 8.156152
3613 7.999835
3614 8.305254
3615 8.298469
3616 8.297204
3617 8.245382
3618 8.005132
3619 7.942441
3620 7.796734
3621 7.785259
3622 7.780470
3623 7.843332
3624 7.848906
3625 7.871254
3626 7.690485
3627 8.649070
3628 8.649398
3629 8.537280
3630 8.522478
3631 8.598269
3632 7.748555
3633 7.701464
3634 7.693356
3635 7.660573
3636 7.638850
3637 7.619286
3638 7.504453
3639 7.474256
3640 7.483562
3641 7.488189
3642 7.263666
3643 7.262646
3644 7.260182
3645 7.255697
3646 7.242143
3647 7.236823
3648 7.241077
3649 7.112790
3650 7.112611
3651 7.111915
3652 7.106252
3653 7.105747
3654 7.122667
3655 7.679690
3656 7.672810
3657 7.672575
3658 7.653059
3659 8.123594
3660 7.487368
3661 7.475921
3662 7.450233
3663 7.433722
3664 7.439398
3665 7.408796
3666 7.389137
3667 7.376700
3668 7.135210
3669 7.132091
3670 7.124713
3671 7.126267
3672 7.132805
3673 7.130732
3674 7.045332
3675 7.031170
3676 7.037807
3677 7.387328
3678 7.416350
3679 7.420570
3680 7.408640
3681 7.419426
3682 7.402336
3683 7.397205
3684 7.035620
3685 7.030505
3686 7.028089
3687 6.992629
3688 7.001466
3689 7.002001
3690 6.993429
3691 6.988211
3692 6.996860
3693 6.990015
3694 6.993722
3695 6.999558
3696 6.979822
3697 6.999945
3698 7.000176
3699 7.099403
3700 7.089543
3701 7.083872
3702 7.098103
3703 7.127425
3704 7.120447
3705 7.130409
3706 7.107683
3707 7.099023
3708 7.094213
3709 7.088271
3710 7.098621
3711 7.101428
3712 7.105269
3713 7.073891
3714 7.063253
3715 7.067208
3716 7.083727
3717 7.082432
3718 6.948597
3719 6.953004
3720 7.105399
3721 7.135108
3722 7.389044
3723 7.393722
3724 7.396057
3725 7.111273
3726 6.988439
3727 6.988900
3728 6.984547
3729 6.978080
3730 6.977280
3731 6.956744
3732 6.952470
3733 6.972718
3734 7.026903
3735 7.049550
3736 7.043208
3737 7.031838
3738 7.032843
3739 6.947897
3740 7.084041
3741 7.079705
3742 7.201873
3743 7.228297
3744 7.424826
3745 7.421598
3746 7.422887
3747 7.420100
3748 7.397189
3749 7.365039
3750 7.360895
3751 7.448314
3752 7.454683
3753 7.437696
3754 7.433383
3755 7.428747
3756 7.287249
3757 7.264698
3758 7.235573
3759 7.226161
3760 7.234132
3761 7.222045
3762 7.212126
3763 7.233859
3764 7.220145
3765 7.186419
3766 7.192359
3767 7.200702
3768 7.196265
3769 7.161575
3770 7.176694
3771 7.163408
3772 7.203098
3773 7.252437
3774 7.362958
3775 7.389312
3776 7.395994
3777 7.394722
3778 7.199116
3779 7.188102
3780 7.202627
3781 7.018111
3782 6.977641
3783 6.984311
3784 6.991122
3785 6.982615
3786 6.990607
3787 7.449412
3788 7.450448
3789 7.167327
3790 6.754382
3791 6.660058
3792 6.657075
3793 6.656647
3794 6.650983
3795 6.662201
3796 6.659147
3797 6.655744
3798 6.653160
3799 6.647784
3800 6.590185
3801 6.589253
3802 6.591166
3803 6.585820
3804 6.593049
3805 6.600200
3806 6.593454
3807 6.584847
3808 6.509239
3809 6.477698
3810 6.484415
3811 6.493601
3812 6.491081
3813 6.495067
3814 6.455874
3815 6.454955
3816 6.440879
3817 6.450644
3818 6.424072
3819 6.400472
3820 6.400785
3821 6.401133
3822 6.401188
3823 6.400527
3824 6.414021
3825 6.409393
3826 6.412092
3827 6.729197
3828 6.724680
3829 6.727110
3830 6.736520
3831 6.735258
3832 6.733229
3833 6.705703
3834 6.713482
3835 6.569052
3836 6.447825
3837 6.426707
3838 6.428701
3839 6.427751
3840 6.572382
3841 6.614158
3842 6.598513
3843 6.653710
3844 6.654488
3845 6.699332
3846 6.688590
3847 6.694348
3848 6.712905
3849 6.713192
3850 6.651932
3851 6.659202
3852 6.654006
3853 6.680711
3854 6.795498
3855 6.641801
3856 6.612013
3857 6.626334
3858 7.021019
3859 6.900700
3860 6.944397
3861 6.952434
3862 7.197479
3863 7.078135
3864 7.002936
3865 7.008899
3866 7.002565
3867 7.003296
3868 7.001947
3869 6.993774
3870 6.955646
3871 7.351677
3872 7.350041
3873 7.299502
3874 7.346433
3875 7.354150
3876 7.360579
3877 7.346563
3878 7.307628
3879 7.329896
3880 7.317458
3881 7.295066
3882 7.291052
3883 7.296788
3884 7.285055
3885 7.275403
3886 7.289286
3887 7.312511
3888 7.312896
3889 7.320477
3890 7.325285
3891 7.282764
3892 7.231553
3893 7.227294
3894 7.189742
3895 7.225362
3896 7.165242
3897 7.162926
3898 7.161869
3899 7.169444
3900 7.359375
3901 7.354992
3902 7.292470
3903 7.298312
3904 7.269320
3905 7.250263
3906 7.253849
3907 7.276234
3908 7.741882
3909 7.896366
3910 7.355812
3911 7.325133
3912 7.320399
3913 7.320018
3914 7.353412
3915 7.354404
3916 7.398589
3917 7.404271
3918 7.463336
3919 7.490810
3920 7.484372
3921 7.481198
3922 7.534197
3923 7.548108
3924 7.505052
3925 7.491631
3926 7.527764
3927 7.380579
3928 7.403339
3929 7.416636
3930 7.366010
3931 7.321962
3932 7.333669
3933 7.301870
3934 7.028542
3935 7.153538
3936 7.185728
3937 7.186057
3938 7.186115
3939 7.175591
3940 7.169008
3941 7.201623
3942 7.190111
3943 7.228423
3944 7.218025
3945 7.254706
3946 7.254811
3947 7.256471
3948 7.245395
3949 7.226365
3950 7.239866
3951 7.247199
3952 7.257784
3953 7.271420
3954 7.481154
3955 7.548967
3956 7.548018
3957 7.575133
3958 7.579919
3959 7.514972
3960 7.507034
3961 8.400218
3962 8.288858
3963 8.253545
3964 8.285864
3965 8.277121
3966 8.413817
3967 8.168602
3968 8.137811
3969 8.130506
3970 8.164140
3971 9.055636
3972 9.016891
3973 9.004537
3974 8.898062
3975 8.896829
3976 8.908578
3977 8.779682
3978 8.690060
3979 8.721889
3980 8.744973
3981 8.322375
3982 8.321601
3983 8.323731
3984 8.313874
3985 8.233996
3986 8.231381
3987 8.117041
3988 8.080824
3989 8.109925
3990 9.742988
3991 9.473475
3992 9.127194
3993 9.098425
3994 8.469821
3995 8.426720
3996 8.430089
3997 8.499389
3998 8.601317
3999 8.380311
4000 8.363809
4001 8.320458
4002 8.315823
4003 8.298004
4004 8.285579
4005 8.302493
4006 8.259294
4007 8.197784
4008 8.098996
4009 8.022160
4010 7.962099
4011 7.553194
4012 6.929696
4013 6.928756
4014 6.959030
4015 6.901321
4016 6.897427
4017 7.320813
4018 7.358957
4019 7.363590
4020 7.323569
4021 7.335763
4022 7.320903
4023 7.347955
4024 7.379724
4025 7.342788
4026 7.348090
4027 7.380752
4028 6.989562
4029 6.980208
4030 6.978030
4031 6.978608
4032 6.572512
4033 6.528447
4034 6.537757
4035 6.523573
4036 6.523473
4037 6.509940
4038 6.507195
4039 6.502649
4040 6.501716
4041 6.549550
4042 6.544989
4043 6.530609
4044 6.801684
4045 6.811642
4046 6.804045
4047 6.556635
4048 6.561662
4049 6.572188
4050 6.382429
4051 6.385902
4052 6.395706
4053 6.392818
4054 6.422024
4055 6.414440
4056 6.407875
4057 6.401252
4058 6.408402
4059 6.324438
4060 6.320671
4061 6.363774
4062 6.363329
4063 6.365159
4064 6.384934
4065 6.380627
4066 6.379746
4067 6.397505
4068 6.323088
4069 6.325469
4070 6.349761
4071 6.348749
4072 6.346773
4073 6.341581
4074 6.830801
4075 6.860017
4076 6.929418
4077 6.996842
4078 7.029157
4079 7.046116
4080 7.045115
4081 7.027053
4082 7.054695
4083 7.963599
4084 8.023857
4085 8.101430
4086 8.123043
4087 8.092527
4088 8.127971
4089 8.108586
4090 8.011078
4091 7.650213
4092 7.540102
4093 7.602405
4094 7.025640
4095 7.022177
4096 7.001692
4097 6.921504
4098 6.940859
4099 6.947500
4100 6.938975
4101 6.879263
4102 6.880967
4103 6.941462
4104 6.943064
4105 7.024976
4106 7.002735
4107 6.977028
4108 6.891853
4109 6.911648
4110 6.880151
4111 6.841489
4112 6.732068
4113 6.723512
4114 6.733545
4115 6.714651
4116 6.679085
4117 6.644286
4118 6.388538
4119 6.385097
4120 6.393695
4121 6.357865
4122 6.339095
4123 6.333864
4124 6.227058
4125 6.207119
4126 6.191309
4127 6.145345
4128 6.148061
4129 6.144843
4130 6.059833
4131 6.063183
4132 6.062709
4133 6.066925
4134 6.058601
4135 6.050480
4136 6.047363
4137 6.096958
4138 5.826916
4139 5.829285
4140 5.823288
4141 5.820086
4142 5.810093
4143 5.811281
4144 5.807436
4145 5.809328
4146 5.812608
4147 5.818398
4148 5.808159
4149 5.802796
4150 5.803827
4151 5.799550
4152 5.786316
4153 5.792741
4154 5.792565
4155 5.794989
4156 5.796078
4157 5.804999
4158 5.808687
4159 5.809964
4160 5.805372
4161 5.807284
4162 5.808195
4163 5.812892
4164 5.813210
4165 5.813244
4166 5.812381
4167 5.786498
4168 5.783993
4169 5.782202
4170 5.773228
4171 5.771637
4172 6.295432
4173 6.296669
4174 6.183776
4175 6.170828
4176 6.167309
4177 6.181593
4178 6.913030
4179 6.910906
4180 6.889504
4181 6.848184
4182 6.841939
4183 6.823176
4184 6.724529
4185 6.728522
4186 6.593650
4187 6.594764
4188 6.548468
4189 6.538317
4190 6.534697
4191 6.059883
4192 6.043284
4193 5.847551
4194 5.886618
4195 5.878018
4196 5.877431
4197 5.878820
4198 5.872110
4199 5.887916
4200 5.893451
4201 5.889200
4202 5.883908
4203 5.864691
4204 5.789505
4205 5.790489
4206 5.815526
4207 5.855576
4208 5.871297
4209 5.886399
4210 5.861207
4211 5.861785
4212 5.856424
4213 5.853451
4214 5.820898
4215 5.809416
4216 6.009587
4217 6.005884
4218 6.018499
4219 6.024422
4220 6.030235
4221 6.034133
4222 6.026911
4223 6.041595
4224 6.035715
4225 6.026562
4226 5.994226
4227 6.028810
4228 5.822815
4229 5.779352
4230 5.779013
4231 5.784839
4232 5.782956
4233 5.783157
4234 5.785276
4235 5.797531
4236 5.786909
4237 5.793998
4238 5.793642
4239 5.791932
4240 5.803186
4241 5.804223
4242 5.804930
4243 6.005191
4244 5.980526
4245 6.155093
4246 6.107486
4247 6.115101
4248 6.115717
4249 6.128750
4250 6.114961
4251 6.109747
4252 6.109964
4253 5.975085
4254 5.968062
4255 5.970648
4256 5.961145
4257 5.899714
4258 5.925499
4259 5.925189
4260 5.926332
4261 5.927104
4262 5.926218
4263 5.929649
4264 5.818378
4265 5.822659
4266 5.798433
4267 5.761171
4268 5.786148
4269 5.787020
4270 5.802041
4271 5.799771
4272 5.791824
4273 5.797741
4274 5.804553
4275 5.812771
4276 5.803483
4277 5.799142
4278 5.801284
4279 5.811591
4280 5.815776
4281 5.814506
4282 5.811782
4283 5.809015
4284 5.812352
4285 5.817004
4286 5.813590
4287 5.811354
4288 5.807004
4289 5.812932
4290 5.810875
4291 5.808056
4292 5.804810
4293 5.803332
4294 5.793669
4295 5.774357
4296 5.784517
4297 5.877559
4298 5.718749
4299 5.720453
4300 5.704796
4301 5.699182
4302 5.696861
4303 5.677759
4304 5.680458
4305 5.676856
4306 5.674758
4307 5.684235
4308 5.643352
4309 5.651318
4310 5.730974
4311 5.723922
4312 5.733323
4313 5.731718
4314 5.653249
4315 5.644139
4316 5.631895
4317 5.590727
4318 5.708977
4319 5.711810
4320 5.698057
4321 5.700764
4322 5.729684
4323 5.726896
4324 5.728433
4325 5.744564
4326 5.743398
4327 5.736647
4328 5.728378
4329 5.612587
4330 5.613878
4331 5.604906
4332 5.603442
4333 5.608484
4334 5.624094
4335 5.629977
4336 5.611754
4337 5.614870
4338 5.610721
4339 5.611344
4340 5.611209
4341 5.619852
4342 5.607006
4343 5.614058
4344 5.602588
4345 5.596145
4346 5.584425
4347 5.597340
4348 5.608592
4349 5.610886
4350 5.631911
4351 5.613023
4352 5.619661
4353 5.621323
4354 5.620751
4355 5.621772
4356 5.605835
4357 5.729080
4358 5.738114
4359 5.733648
4360 5.720104
4361 5.977105
4362 5.993606
4363 5.979985
4364 5.921665
4365 5.782624
4366 5.780483
4367 5.783729
4368 5.674635
4369 5.868615
4370 5.716150
4371 5.716678
4372 5.712714
4373 5.686051
4374 5.685645
4375 5.682289
4376 5.677671
4377 5.683853
4378 5.685314
4379 5.687275
4380 6.138167
4381 6.047421
4382 6.053639
4383 5.938463
4384 5.790280
4385 5.794622
4386 5.771990
4387 5.686658
4388 5.702099
4389 5.701692
4390 5.700658
4391 5.700582
4392 5.700753
4393 5.701589
4394 5.699661
4395 5.699866
4396 5.684735
4397 5.675856
4398 5.662406
4399 6.055131
4400 6.058972
4401 6.047906
4402 6.042322
4403 6.028644
4404 6.021085
4405 6.004759
4406 6.003952
4407 6.026172
4408 6.019377
4409 6.009186
4410 6.012029
4411 5.988301
4412 6.007784
4413 5.845307
4414 5.853688
4415 5.782891
4416 5.777683
4417 5.770216
4418 5.770038
4419 5.763168
4420 5.756422
4421 5.921146
4422 5.903030
4423 5.895157
4424 5.905178
4425 5.904929
4426 5.915237
4427 5.916533
4428 5.737909
4429 5.889771
4430 5.886206
4431 5.893939
4432 5.892966
4433 5.894474
4434 5.893479
4435 5.908334
4436 5.900289
4437 5.903005
4438 5.887881
4439 5.877826
4440 5.887199
4441 5.872169
4442 5.864602
4443 5.603954
4444 5.601853
4445 5.613379
4446 5.612229
4447 5.609447
4448 5.613522
4449 5.627908
4450 5.654598
4451 5.643551
4452 5.636265
4453 5.631300
4454 5.622716
4455 5.632609
4456 5.630782
4457 5.622253
4458 5.604789
4459 5.603513
4460 5.590301
4461 5.587765
4462 5.590975
4463 5.660854
4464 5.893281
4465 5.907866
4466 5.893976
4467 5.879135
4468 5.888435
4469 5.888519
4470 6.262597
4471 6.259135
4472 6.240270
4473 6.240320
4474 6.246000
4475 6.477096
4476 6.462588
4477 6.470908
4478 6.479886
4479 6.475601
4480 6.476542
4481 6.485604
4482 7.501125
4483 7.529995
4484 7.022382
4485 7.017292
4486 7.552388
4487 7.510204
4488 7.504364
4489 7.521902
4490 7.536183
4491 7.512773
4492 7.495063
4493 7.598015
4494 7.589667
4495 7.545504
4496 7.545812
4497 7.524367
4498 7.467227
4499 7.874063
4500 7.866222
4501 7.868982
4502 7.901564
4503 7.069593
4504 6.582747
4505 6.573471
4506 6.384536
4507 6.375624
4508 6.370175
4509 6.384683
4510 6.384912
4511 6.374567
4512 6.371092
4513 6.367981
4514 6.356967
4515 6.237537
4516 6.243760
4517 6.244449
4518 5.908508
4519 5.896097
4520 5.891089
4521 5.884514
4522 5.806240
4523 5.794378
4524 5.797584
4525 5.780017
4526 5.820203
4527 5.824086
4528 5.851235
4529 5.849588
4530 6.003820
4531 5.994731
4532 5.947901
4533 5.911036
4534 5.915900
4535 5.917690
4536 5.869734
4537 5.862639
4538 5.867798
4539 5.879016
4540 6.005403
4541 5.979256
4542 5.996910
4543 6.000826
4544 6.001422
4545 5.984061
4546 6.034287
4547 6.055703
4548 6.055348
4549 5.690466
4550 5.707535
4551 5.706939
4552 5.750235
4553 5.754332
4554 5.743705
4555 5.737227
4556 5.731730
4557 5.728848
4558 5.732294
4559 5.735810
4560 5.797019
4561 5.789793
4562 5.781123
4563 5.782875
4564 5.788249
4565 5.790744
4566 5.782080
4567 5.780131
4568 5.796789
4569 5.793299
4570 5.784495
4571 5.795753
4572 5.782051
4573 5.761757
4574 5.763588
4575 5.956752
4576 5.842929
4577 5.840759
4578 5.832887
4579 5.850918
4580 5.850720
4581 5.855158
4582 5.847261
4583 5.816294
4584 6.285635
4585 6.005557
4586 5.979136
4587 5.913909
4588 5.904901
4589 5.884315
4590 5.903000
4591 5.625740
4592 5.626677
4593 5.613181
4594 5.604769
4595 5.725509
4596 5.716201
4597 5.708953
4598 5.684002
4599 5.826040
4600 5.809311
4601 5.786604
4602 5.758495
4603 5.730524
4604 5.726674
4605 5.615350
4606 5.629994
4607 5.603370
4608 5.572263
4609 5.576994
4610 5.565220
4611 5.557957
4612 5.515028
4613 5.520461
4614 5.513720
4615 5.508807
4616 5.480611
4617 5.474258
4618 5.466288
4619 5.462747
4620 5.468132
4621 5.467885
4622 5.465960
4623 5.463058
4624 5.466189
4625 5.449138
4626 5.451002
4627 5.450709
4628 5.451291
4629 5.450615
4630 5.743366
4631 5.762189
4632 5.752917
4633 5.687804
4634 5.663632
4635 5.678179
4636 5.675150
4637 5.747311
4638 5.729409
4639 5.725232
4640 5.718090
4641 5.717933
4642 5.714527
4643 5.677884
4644 5.654303
4645 5.655624
4646 5.630800
4647 5.708823
4648 5.727372
4649 5.737723
4650 5.744415
4651 5.752213
4652 5.752743
4653 6.337623
4654 6.350243
4655 5.928104
4656 5.913407
4657 5.973586
4658 5.980222
4659 5.968766
4660 5.969392
4661 6.010800
4662 6.038822
4663 5.978645
4664 7.226478
4665 6.661454
4666 6.628262
4667 6.591461
4668 6.622758
4669 6.607729
4670 5.881543
4671 5.475112
4672 5.469602
4673 5.472597
4674 5.492148
4675 5.490002
4676 5.476496
4677 5.475352
4678 5.451079
4679 5.451158
4680 5.433890
4681 5.419384
4682 5.393965
4683 5.387507
4684 5.401069
4685 5.391294
4686 5.376287
4687 5.427564
4688 5.429721
4689 5.440839
4690 5.451118
4691 5.453877
4692 5.464442
4693 5.690283
4694 5.690282
4695 5.695795
4696 5.686056
4697 5.673561
4698 5.663535
4699 5.642708
4700 5.639926
4701 5.648667
4702 5.640512
4703 5.642040
4704 5.641601
4705 5.650274
4706 5.648238
4707 5.651937
4708 5.411397
4709 5.396991
4710 5.395989
4711 5.387407
4712 5.384600
4713 5.382753
4714 5.380552
4715 5.391520
4716 5.389737
4717 5.529932
4718 5.762638
4719 5.677046
4720 5.698814
4721 5.714563
4722 5.731820
4723 5.989787
4724 5.908713
4725 5.905955
4726 5.894759
4727 5.925419
4728 5.952714
4729 5.955985
4730 5.946557
4731 5.944784
4732 5.962069
4733 5.960685
4734 5.954014
4735 5.897638
4736 5.886224
4737 5.508179
4738 5.501369
4739 5.492766
4740 5.487352
4741 5.519765
4742 5.523547
4743 5.555411
4744 5.536918
4745 5.530836
4746 5.528769
4747 5.571493
4748 5.568976
4749 5.565548
4750 5.554552
4751 5.840503
4752 5.860828
4753 5.991850
4754 6.005978
4755 5.976888
4756 5.958666
4757 5.958134
4758 5.932147
4759 5.799927
4760 6.024310
4761 6.033863
4762 6.029719
4763 6.044815
4764 6.053683
4765 6.054513
4766 6.054595
4767 6.066493
4768 6.000876
4769 5.950264
4770 5.958246
4771 6.479751
4772 6.434709
4773 6.452436
4774 5.870583
4775 5.854536
4776 5.819285
4777 5.566464
4778 5.572548
4779 5.576689
4780 6.048023
4781 5.898478
4782 5.889278
4783 5.887283
4784 5.881654
4785 5.907576
4786 5.901171
4787 5.917580
4788 5.793646
4789 5.301511
4790 5.296271
4791 5.298437
4792 5.296204
4793 5.425837
4794 5.428235
4795 5.410418
4796 5.376650
4797 5.385821
4798 5.401128
4799 5.396733
4800 5.389380
4801 5.337795
4802 5.376291
4803 5.415333
4804 5.411475
4805 5.421011
4806 5.312703
4807 5.315466
4808 5.320202
4809 5.302065
4810 5.300302
4811 5.296438
4812 5.267142
4813 5.268320
4814 5.270840
4815 5.355009
4816 5.325216
4817 5.427034
4818 5.429074
4819 5.422607
4820 5.409387
4821 5.401858
4822 5.415117
4823 5.454066
4824 5.452090
4825 5.457854
4826 5.451805
4827 5.447318
4828 5.440732
4829 5.410701
4830 5.435621
4831 5.444594
4832 5.447924
4833 5.463931
4834 5.462986
4835 5.468077
4836 5.464132
4837 5.704992
4838 5.691568
4839 5.711477
4840 5.247075
4841 5.255889
4842 5.269082
4843 5.261794
4844 5.267956
4845 5.264529
4846 5.261277
4847 5.261122
4848 5.291472
4849 5.281173
4850 5.275185
4851 5.268001
4852 5.265193
4853 5.259183
4854 5.273786
4855 5.405987
4856 5.266573
4857 5.255701
4858 5.297310
4859 5.284340
4860 5.292890
4861 5.300497
4862 5.294605
4863 5.282832
4864 5.171474
4865 5.197479
4866 5.207862
4867 5.208421
4868 5.212819
4869 5.223060
4870 5.241465
4871 5.222642
4872 5.215589
4873 5.205712
4874 5.569444
4875 5.554101
4876 5.541640
4877 5.546892
4878 5.265235
4879 5.287485
4880 5.284472
4881 5.280186
4882 5.153952
4883 5.153432
4884 5.210987
4885 5.199339
4886 5.199280
4887 5.204771
4888 5.246708
4889 5.302493
4890 5.318981
4891 5.537451
4892 5.165876
4893 5.162214
4894 5.165089
4895 5.163705
4896 5.163050
4897 5.161309
4898 5.129728
4899 5.128673
4900 5.047349
4901 5.324473
4902 5.329176
4903 5.353938
4904 5.358396
4905 5.355230
4906 5.355326
4907 5.337622
4908 5.329727
4909 5.332970
4910 5.335416
4911 5.330255
4912 5.185351
4913 5.180796
4914 5.178142
4915 5.181974
4916 5.130329
4917 5.128816
4918 5.124379
4919 5.128586
4920 5.127916
4921 5.131276
4922 5.352505
4923 5.344361
4924 5.308806
4925 5.286851
4926 5.095418
4927 5.087697
4928 5.087019
4929 5.084433
4930 5.306534
4931 5.297709
4932 5.288458
4933 5.286125
4934 5.274892
4935 5.064235
4936 5.059406
4937 5.062915
4938 5.063672
4939 5.075566
4940 5.078938
4941 5.108569
4942 5.116925
4943 5.131899
4944 5.131080
4945 5.133086
4946 5.126397
4947 5.130581
4948 5.168709
4949 5.254491
4950 5.246372
4951 5.273731
4952 5.275434
4953 5.274110
4954 5.290122
4955 5.571076
4956 5.666693
4957 5.674819
4958 5.658396
4959 5.989252
4960 5.945494
4961 5.943799
4962 5.932406
4963 5.935723
4964 5.957870
4965 5.932390
4966 5.958571
4967 5.616675
4968 5.614286
4969 5.608682
4970 5.596471
4971 5.598365
4972 5.580698
4973 5.578516
4974 5.587690
4975 5.585296
4976 5.607451
4977 5.607431
4978 5.614484
4979 5.984186
4980 6.023053
4981 6.025284
4982 5.971477
4983 5.984808
4984 5.964347
4985 5.995655
4986 6.282813
4987 6.314467
4988 6.337797
4989 6.320623
4990 6.250477
4991 6.175590
4992 6.144377
4993 6.156134
4994 6.137882
4995 6.108544
4996 6.108283
4997 6.137734
4998 6.472825
4999 6.450787
5000 6.452858
